"Height","Crown_Diameter","DBH","Visibility","alpha"
4.71644814359712,2.92579293035094,7.87450879723743,"Invisible",2.18434045091271
5.58142163715365,3.21705231916262,10.8194246462357,"Visible",2.18434045091271
3.89426983613788,2.62639380100742,5.48609156158289,"Invisible",2.18434045091271
3.18621592409004,2.34554246842611,3.75688161705029,"Invisible",2.18434045091271
3.31987891908493,2.40049912156095,4.0597675897694,"Invisible",2.18434045091271
3.11293664079439,2.31498595107521,3.59551925453536,"Visible",2.18434045091271
3.11230754965033,2.31472227723686,3.59414840394917,"Invisible",2.18434045091271
4.258597577567,2.08437910632469,6.49452108057254,"Invisible",2.18434045091271
3.82746282108173,2.60090506665781,5.30986761193085,"Invisible",2.18434045091271
3.01425658196396,1.60872662348668,3.38349292501316,"Invisible",2.18434045091271
3.05288262186573,1.62415350859301,3.46576431074429,"Invisible",2.18434045091271
2.98275779182409,1.59610962000215,3.31709029282541,"Invisible",2.18434045091271
3.76099914703113,2.57535391984951,5.13723527203987,"Invisible",2.18434045091271
3.27690309013423,2.3829363730581,3.96117911175051,"Invisible",2.18434045091271
4.97201827482331,3.01411304454569,8.69889975532113,"Invisible",2.18434045091271
3.20761521276419,2.35440767318822,3.8046308972956,"Invisible",2.18434045091271
6.55227758236376,2.87894449973742,14.6424739810107,"Visible",2.18434045091271
3.54628768135468,2.49143242222034,4.59791585378044,"Invisible",2.18434045091271
3.62621577460197,2.52292531153829,4.79539697483756,"Invisible",2.18434045091271
3.13614126415355,1.65724123845678,3.64625600494617,"Visible",2.18434045091271
3.75495929258651,2.57302224130899,5.12168036384821,"Invisible",2.18434045091271
3.55291427988029,1.81970997016786,4.61413998676811,"Invisible",2.18434045091271
3.82114125012255,2.59848319350925,5.29333263180002,"Invisible",2.18434045091271
3.02560005044157,1.61326220879048,3.40755754566303,"Invisible",2.18434045091271
3.08618236479658,1.63741391159691,3.53743613084183,"Invisible",2.18434045091271
2.83353303660878,2.19548558328243,3.01093402795488,"Invisible",2.18434045091271
2.91095356744942,1.56722243799245,3.1680345881264,"Invisible",2.18434045091271
5.75376661135059,3.27266511782543,11.4583954957391,"Visible",2.18434045091271
4.54848214331437,2.18984425628794,7.3537555637336,"Invisible",2.18434045091271
2.89172068239661,2.22078193346304,3.12865703475985,"Invisible",2.18434045091271
5.3079348134815,2.45853344871419,9.84092152195205,"Visible",2.18434045091271
3.29578304117149,2.39066426617173,4.00435026858447,"Invisible",2.18434045091271
3.03846971841322,2.28361085693873,3.43495696388433,"Invisible",2.18434045091271
3.06195784513487,1.62777095930986,3.48522877065805,"Invisible",2.18434045091271
2.96658405401459,1.58961818883591,3.28323487346332,"Invisible",2.18434045091271
3.1730906210042,1.67185455216596,3.7277347635587,"Invisible",2.18434045091271
3.22623490665181,2.36210038111401,3.84640845613993,"Invisible",2.18434045091271
4.58948003004984,2.20462204240986,7.47931805918112,"Invisible",2.18434045091271
3.87092112991975,2.61750747343147,5.42419484505066,"Invisible",2.18434045091271
3.14758953372138,2.32947444322923,3.67141062702124,"Invisible",2.18434045091271
6.07326387077011,2.71970086167497,12.6883939846222,"Visible",2.18434045091271
5.84338298564943,3.30129538082393,11.7974505755264,"Visible",2.18434045091271
3.42142914739485,2.44160935101629,4.29724810924845,"Visible",2.18434045091271
4.50090433912525,2.84966811098528,7.20929427648697,"Visible",2.18434045091271
3.59502516556807,2.51067213807504,4.71786892292909,"Invisible",2.18434045091271
7.101197775325,3.0578868509288,17.0426728531762,"Visible",2.18434045091271
3.4352736350264,2.44717247655957,4.3301152764115,"Visible",2.18434045091271
2.89100185195547,2.22047079347328,3.12718978402221,"Invisible",2.18434045091271
2.95537396663035,2.24820129660592,3.25986533970645,"Invisible",2.18434045091271
2.96209546833988,1.58781509691473,3.27386815493827,"Invisible",2.18434045091271
5.07673840142587,3.0497280163579,9.0478147846804,"Visible",2.18434045091271
3.60317217141818,1.83896951533985,4.73806198711028,"Invisible",2.18434045091271
3.46334210311221,1.78521434539816,4.39711160710982,"Visible",2.18434045091271
3.94800883218289,2.64675852236277,5.62980537669499,"Invisible",2.18434045091271
3.93090124622126,2.64028869815568,5.58386518918814,"Invisible",2.18434045091271
3.88213806815155,2.62177945978995,5.45388941236006,"Invisible",2.18434045091271
4.03594257818622,2.0021491220469,5.86872914769268,"Invisible",2.18434045091271
3.39061643129284,2.42919250886258,4.22452059767325,"Invisible",2.18434045091271
3.37551108907458,2.42308740625671,4.18908052592176,"Invisible",2.18434045091271
7.83194691658191,3.29082717030354,20.5020989036521,"Visible",2.18434045091271
4.30993296995392,2.10318370173583,6.64302420500376,"Visible",2.18434045091271
2.85734481448056,1.54553895000454,3.05885257303583,"Invisible",2.18434045091271
2.93177011691771,1.57561522100208,3.21091530247725,"Invisible",2.18434045091271
4.3060053659618,2.77945289785309,6.63160668928138,"Invisible",2.18434045091271
2.89318239836596,1.56004558638268,3.13164163427696,"Invisible",2.18434045091271
3.88796823600753,2.62399775956487,5.46935368931862,"Visible",2.18434045091271
3.96508986487319,2.65320610937182,5.67585072002707,"Visible",2.18434045091271
3.97325229441501,1.97879352206201,5.69791641968403,"Invisible",2.18434045091271
5.24419996136959,2.4363732712728,9.61915710940669,"Visible",2.18434045091271
3.16505755567724,2.33675148681541,3.70994868785382,"Invisible",2.18434045091271
3.25542979807852,1.70426715010435,3.91234541152051,"Invisible",2.18434045091271
3.61644480420118,2.51909176891997,4.77104615906561,"Visible",2.18434045091271
3.155903141667,1.6650623090556,3.68972857426105,"Invisible",2.18434045091271
2.84593511786767,2.20089610324206,3.0358474589811,"Invisible",2.18434045091271
2.89287136612769,1.55991987848189,3.13100644219196,"Invisible",2.18434045091271
3.49067386747919,1.79576366535762,4.46281388998046,"Invisible",2.18434045091271
3.54010594159058,1.81479074837835,4.58280510163763,"Visible",2.18434045091271
4.81822716407936,2.96121012145683,8.1981942514472,"Visible",2.18434045091271
3.29520887724284,2.39042953615516,4.00303413512203,"Invisible",2.18434045091271
3.63055903978245,1.84943620746683,4.80623978787997,"Invisible",2.18434045091271
3.6655079916541,1.86276430211587,4.89390742325759,"Visible",2.18434045091271
3.46974049417225,2.46097993924776,4.4124515093527,"Invisible",2.18434045091271
3.38803930231937,2.42815175576161,4.21846422402878,"Invisible",2.18434045091271
3.0132145241002,2.27289407834273,3.38128626999044,"Invisible",2.18434045091271
5.20128981014835,2.42141570970406,9.47119076119833,"Visible",2.18434045091271
3.89769346254776,1.9505205960434,5.49519523695056,"Invisible",2.18434045091271
4.49506471074088,2.84758381706137,7.1916561526296,"Invisible",2.18434045091271
2.90816072018984,2.2278886825453,3.16230212652813,"Invisible",2.18434045091271
3.46554626191911,2.45930293408664,4.40239316009749,"Invisible",2.18434045091271
2.89957274862062,1.56262758464796,3.14470545231078,"Visible",2.18434045091271
3.1781862464645,1.67386649700492,3.73903775154093,"Invisible",2.18434045091271
3.15104287474257,1.66313992303783,3.67901440934841,"Invisible",2.18434045091271
2.88825467402012,1.55805358140917,3.12158532421331,"Visible",2.18434045091271
3.32253873180984,2.40158282562449,4.06590674145016,"Invisible",2.18434045091271
4.08352386648448,2.69758237282768,5.99995600199263,"Visible",2.18434045091271
3.08504759307335,1.63696262208224,3.5349823891274,"Visible",2.18434045091271
3.51479638282713,2.47893943568083,4.52118185771999,"Visible",2.18434045091271
3.39005916007124,1.75682552889422,4.22321063818367,"Invisible",2.18434045091271
4.86985168150312,2.30481603024811,8.36471508358861,"Visible",2.18434045091271
3.72074784376208,2.55978393701201,5.03399154539521,"Visible",2.18434045091271
3.63553347438917,1.85133520735801,4.81867243299511,"Visible",2.18434045091271
2.973325864164,1.59232513131356,3.29732721967857,"Invisible",2.18434045091271
4.29697857137289,2.09844371153567,6.60540085522255,"Visible",2.18434045091271
3.72529359132923,2.56154598972558,5.04560193719937,"Invisible",2.18434045091271
3.99603649549199,1.98729250063215,5.75972239563818,"Visible",2.18434045091271
3.64888308806375,1.85642823463383,4.85211183525978,"Invisible",2.18434045091271
3.67754930412394,2.54299189965497,4.92428489167437,"Invisible",2.18434045091271
2.94570569353953,2.24405330090837,3.23977303473783,"Invisible",2.18434045091271
3.47594248192759,1.79008033079157,4.42734450374409,"Invisible",2.18434045091271
3.87056083559749,2.61737016535428,5.42324230206374,"Visible",2.18434045091271
2.94666210770849,1.5816101920061,3.24175802271564,"Invisible",2.18434045091271
3.07182370990042,2.29770488570089,3.50644710612642,"Invisible",2.18434045091271
5.24434228499367,2.43642283111873,9.61964967506042,"Visible",2.18434045091271
5.39733450754338,3.15681614247683,10.1559860867924,"Visible",2.18434045091271
4.74854135077578,2.26164671855969,7.97591246466138,"Invisible",2.18434045091271
4.83010951243458,2.29070342836343,8.23638269235695,"Visible",2.18434045091271
9.86490256289689,3.91223929598271,31.6882639189704,"Visible",2.18434045091271
2.87229815155059,2.21236314237278,3.0891262051156,"Invisible",2.18434045091271
2.82908597647706,1.53406795107728,3.00202423216942,"Invisible",2.18434045091271
3.71880065839089,2.55902886875716,5.02902204324574,"Visible",2.18434045091271
3.10476705323012,2.31155998232199,3.57773605549781,"Invisible",2.18434045091271
2.86760800124814,1.54969800125569,3.07961572474417,"Invisible",2.18434045091271
3.55325550339159,2.49419009270794,4.61497614334168,"Invisible",2.18434045091271
5.15658138636893,3.07666739003369,9.31817079488242,"Visible",2.18434045091271
4.48755041580035,2.84490005776365,7.16898971398852,"Visible",2.18434045091271
2.94760335872971,2.24486792754746,3.24371209827333,"Invisible",2.18434045091271
4.95366817549769,3.00783865163514,8.63842379334302,"Visible",2.18434045091271
6.28078978932592,3.43836986373605,13.5188246159274,"Visible",2.18434045091271
3.4360549148266,1.77466140877037,4.33197356277692,"Invisible",2.18434045091271
3.03619779389614,2.28264838472088,3.43011255932711,"Invisible",2.18434045091271
3.23925887403713,2.36746970876961,3.87575813779287,"Invisible",2.18434045091271
2.96815589944062,1.59024944703941,3.28651795203462,"Invisible",2.18434045091271
3.46338204488149,1.7852297770172,4.39720728811877,"Invisible",2.18434045091271
3.86035687984938,1.9364992391187,5.39629782233074,"Visible",2.18434045091271
6.96988939199016,3.01540685603746,16.4529543234083,"Visible",2.18434045091271
4.34428951798109,2.11573745883641,6.74329185353073,"Visible",2.18434045091271
2.94582272003522,2.24410354447813,3.24001588647428,"Invisible",2.18434045091271
3.74099413464193,2.56762473281905,5.08579970928504,"Invisible",2.18434045091271
3.7502049156694,1.89493308685522,5.10945164163399,"Invisible",2.18434045091271
3.10425763144282,1.64459670811558,3.57662854124145,"Visible",2.18434045091271
3.20887296150252,1.68596574455067,3.80744619149905,"Invisible",2.18434045091271
2.96819970104046,1.59026703670416,3.28660946154807,"Invisible",2.18434045091271
3.02081110508368,2.2761217166513,3.39738825234268,"Invisible",2.18434045091271
7.03687285564518,3.665844275973,16.7525639490802,"Visible",2.18434045091271
3.02590581526147,1.61338440713081,3.40820732034611,"Visible",2.18434045091271
3.06486374231146,1.62892870341622,3.49147214192746,"Visible",2.18434045091271
4.53945071110952,2.86339667789086,7.32622970347765,"Invisible",2.18434045091271
4.41266826369144,2.81804763835071,6.94495061637156,"Invisible",2.18434045091271
3.24628787331283,2.37036360554908,3.89164163964078,"Invisible",2.18434045091271
3.07230699619872,2.29790861044076,3.50748805622722,"Invisible",2.18434045091271
3.99957679140071,1.98861201336897,5.76935417140391,"Visible",2.18434045091271
2.89201320184936,2.22090853849852,3.1292542075051,"Invisible",2.18434045091271
3.48391250885869,1.79315589619876,4.44651776216379,"Visible",2.18434045091271
3.25580266017495,2.37427656893312,3.91319093033991,"Invisible",2.18434045091271
4.19965505956155,2.7405535808776,6.32595954744325,"Visible",2.18434045091271
3.72223672354217,2.56036116984422,5.0377929408692,"Visible",2.18434045091271
3.90912546689951,1.95480702598675,5.52564516870905,"Visible",2.18434045091271
3.10312028689994,2.31086892410085,3.57415646591454,"Invisible",2.18434045091271
3.2321323979391,2.36453288081099,3.85968553976107,"Invisible",2.18434045091271
3.20494160480454,1.68441730169776,3.79864965244901,"Invisible",2.18434045091271
2.95101489653487,1.58336103120184,3.2507992280052,"Invisible",2.18434045091271
3.67990868896522,2.54391124929714,4.93024742890891,"Visible",2.18434045091271
4.39606945644027,2.13461080254884,6.89574169661998,"Visible",2.18434045091271
4.73518309396787,2.25687629070879,7.93363081056311,"Visible",2.18434045091271
3.74456497082432,1.8927966728215,5.09496296998727,"Invisible",2.18434045091271
3.96682465208205,2.65386026178596,5.68053704619343,"Visible",2.18434045091271
4.19413002208917,2.73852103255843,6.31026608672405,"Invisible",2.18434045091271
2.9221761730564,1.5717490108127,3.19111875051091,"Invisible",2.18434045091271
3.26390871134784,2.37760625343906,3.93159380038554,"Invisible",2.18434045091271
3.17147478016864,1.67121638839726,3.72415390501557,"Invisible",2.18434045091271
3.66327165824304,1.86191241250059,4.88827539585732,"Invisible",2.18434045091271
2.90170267834065,2.2250990770136,3.14906535496551,"Invisible",2.18434045091271
5.37307025397729,2.48111185083582,10.0700120885441,"Visible",2.18434045091271
3.03043710065856,1.61519496457577,3.41784348913802,"Invisible",2.18434045091271
12.4623920468486,4.66132413588043,49.2520287650768,"Visible",2.18434045091271
5.78969247538333,3.28416576901853,11.5937595416266,"Visible",2.18434045091271
3.47560984554983,2.46332523286218,4.42654513680847,"Invisible",2.18434045091271
3.24488848430336,2.36978768377762,3.88847699184824,"Invisible",2.18434045091271
2.83768379099145,2.19729753589868,3.01926136416886,"Invisible",2.18434045091271
2.87593297034836,2.21394055760554,3.09650620974243,"Invisible",2.18434045091271
2.85815080973954,1.54586570654923,3.06048076956681,"Invisible",2.18434045091271
3.45567931266853,2.45535427571064,4.37877339997522,"Visible",2.18434045091271
3.55765534660075,2.49593021294989,4.62576418765253,"Invisible",2.18434045091271
2.85300267302297,2.20397478546473,3.05008799026643,"Invisible",2.18434045091271
7.59941834483945,3.82822961663038,19.3687403159262,"Invisible",2.18434045091271
4.22659392081709,2.75044716605089,6.40273976099968,"Visible",2.18434045091271
5.14358276357782,3.07229406896922,9.27390130371937,"Visible",2.18434045091271
3.32427818856206,1.73121171941459,4.06992396432246,"Invisible",2.18434045091271
2.87454432234781,1.55250676286112,3.09368577206617,"Invisible",2.18434045091271
3.99809539311664,2.66563048153511,5.76532293935674,"Visible",2.18434045091271
5.37076452344933,2.48031377242411,10.0618602135931,"Invisible",2.18434045091271
4.02622330205397,2.67618347062061,5.84209166876307,"Invisible",2.18434045091271
3.79729076243031,2.58932998822387,5.23116653448145,"Invisible",2.18434045091271
4.91573352804398,2.9948355279022,8.51403243753025,"Invisible",2.18434045091271
3.94188371541253,1.96707238811293,5.61333684441556,"Visible",2.18434045091271
3.54252661525559,1.81572078319762,4.58871945344336,"Visible",2.18434045091271
3.50325063538342,2.47434686639645,4.49320075056581,"Invisible",2.18434045091271
3.75663004927176,1.89736595046906,5.12598097569729,"Invisible",2.18434045091271
2.94359546104845,2.24314715472623,3.23539537810689,"Invisible",2.18434045091271
5.9060206694582,3.32119295415321,12.0371914567277,"Visible",2.18434045091271
4.39529775638679,2.8117903036166,6.89345791120304,"Invisible",2.18434045091271
6.24803435129067,3.42825236480771,13.3861076031777,"Visible",2.18434045091271
2.98796926818325,1.59819939907406,3.32803390019955,"Invisible",2.18434045091271
4.26377277393253,2.76405641306269,6.50942036562124,"Invisible",2.18434045091271
3.23501273534934,1.69624936675756,3.86617788852052,"Invisible",2.18434045091271
2.9556371825153,1.58521956329427,3.2604131631237,"Invisible",2.18434045091271
3.99689426855296,2.66517912518738,5.76205537003165,"Invisible",2.18434045091271
3.04655505942374,1.62162970203114,3.45222332894188,"Visible",2.18434045091271
4.03435690763245,2.00155949741033,5.86437943556229,"Invisible",2.18434045091271
3.52361058875212,2.48244104544845,4.5425980233492,"Invisible",2.18434045091271
3.39051129205912,2.42915005597306,4.2242734356531,"Invisible",2.18434045091271
3.66708213996647,2.53891019327182,4.89787361809473,"Invisible",2.18434045091271
3.34677149139246,1.7399843282619,4.12203947260141,"Invisible",2.18434045091271
2.83942388838278,1.53826769332385,3.0227556019911,"Invisible",2.18434045091271
2.95214997890049,1.58381749344065,3.25315886020554,"Invisible",2.18434045091271
3.62898606695161,2.52401138753171,4.80231158560529,"Invisible",2.18434045091271
3.34197461374875,1.73811474092926,4.11089927859734,"Invisible",2.18434045091271
8.24006293578535,3.41853737454305,22.5643310583335,"Visible",2.18434045091271
4.35868086838994,2.79856443394241,6.78550193946498,"Visible",2.18434045091271
2.96838186949161,1.59034019045758,3.28699005744198,"Invisible",2.18434045091271
2.87269876017193,2.21253703861966,3.08993918052843,"Invisible",2.18434045091271
2.9224304183483,2.23404302910077,3.19164262876822,"Invisible",2.18434045091271
2.94983965355585,1.58288837242657,3.24835695704748,"Invisible",2.18434045091271
2.91989978025812,2.23295255407986,3.18642999200871,"Invisible",2.18434045091271
4.15852803016037,2.04755852020423,6.20958080018666,"Invisible",2.18434045091271
2.94543095108242,1.58111486158956,3.23920292667925,"Invisible",2.18434045091271
5.58334745225423,3.21767785388873,10.8264693784552,"Visible",2.18434045091271
2.93290582342252,2.23855259955113,3.21326257636606,"Invisible",2.18434045091271
3.05574843809281,1.62529613462118,3.47190535330625,"Invisible",2.18434045091271
3.17227397480469,2.33975267351626,3.72592479495642,"Invisible",2.18434045091271
2.94147294712932,1.57952208902814,3.23099505024185,"Invisible",2.18434045091271
3.0346513694759,1.61687824379005,3.42681697029232,"Visible",2.18434045091271
4.00453563280246,1.99045974409291,5.782857977166,"Visible",2.18434045091271
4.71749569291353,2.2505546723273,7.87780906961189,"Visible",2.18434045091271
3.05596489380832,2.29101197316936,3.47236939511128,"Invisible",2.18434045091271
2.90288641262118,1.56396589754242,3.15148965108302,"Invisible",2.18434045091271
3.49185305135274,1.79621833181109,4.46565881095669,"Invisible",2.18434045091271
3.38020637236228,2.42498636630698,4.20008154348787,"Invisible",2.18434045091271
3.10281701727982,2.31074164089373,3.57349742987022,"Invisible",2.18434045091271
4.02586861178157,2.67605059910431,5.84112065149537,"Invisible",2.18434045091271
3.19526405115512,2.34929404824635,3.77703655960248,"Invisible",2.18434045091271
3.40191711958305,2.4337521319205,4.25112595191249,"Invisible",2.18434045091271
3.16098576144625,2.33505677853478,3.70094856515332,"Invisible",2.18434045091271
9.36386866285039,4.30626400362155,28.72011721762,"Visible",2.18434045091271
6.45755355902688,2.84769224746127,14.2456370289511,"Visible",2.18434045091271
3.56845872543137,1.82567407046741,4.65230337648995,"Invisible",2.18434045091271
3.98568746399192,2.660964996714,5.7316100617902,"Visible",2.18434045091271
7.30915924643667,3.74512377679181,17.9965886463236,"Visible",2.18434045091271
3.61742975419231,1.8444209442285,4.77349817072021,"Invisible",2.18434045091271
3.59242797436148,1.83485786970198,4.71144007951976,"Visible",2.18434045091271
2.84075222585559,2.19863627387708,3.02542427542425,"Invisible",2.18434045091271
5.24249890376326,3.1054537852316,9.61327086271326,"Visible",2.18434045091271
3.35430484726099,1.74291910641982,4.13956341819396,"Invisible",2.18434045091271
2.84906384603307,2.20225941278729,3.0421477201397,"Invisible",2.18434045091271
3.8737033377885,1.94151524381958,5.43155306970356,"Invisible",2.18434045091271
4.32979551753323,2.11044444773612,6.70090583919492,"Invisible",2.18434045091271
3.17324028269046,2.34015431832893,3.72806651007832,"Invisible",2.18434045091271
2.84254793480078,2.19941943717607,3.0290336729217,"Invisible",2.18434045091271
3.24957307522364,1.70196850582126,3.89907571280561,"Invisible",2.18434045091271
7.88098495272762,3.30625903708099,20.744977662961,"Visible",2.18434045091271
3.02822654551396,2.27926897707108,3.41314095574751,"Invisible",2.18434045091271
4.42349174986858,2.14458342214906,6.97712655360262,"Visible",2.18434045091271
3.62398875915813,2.52205196132176,4.78984177098564,"Invisible",2.18434045091271
3.65797232576678,1.85989321009625,4.87494161949935,"Invisible",2.18434045091271
4.40537463310972,2.81542158353251,6.92330762170593,"Visible",2.18434045091271
3.8172347580755,2.59698569318865,5.28312675665883,"Invisible",2.18434045091271
2.85211082890788,1.54341649075347,3.04828927230764,"Invisible",2.18434045091271
3.14823236414522,1.66202794022187,3.67282549118462,"Invisible",2.18434045091271
3.2290407152231,2.36325791642689,3.85272252066431,"Invisible",2.18434045091271
3.40628686188827,2.43551347116155,4.2614347365292,"Invisible",2.18434045091271
5.61120747096549,2.56308420229162,10.9286238440054,"Visible",2.18434045091271
3.68307131624631,1.86945020628743,4.93824520562265,"Visible",2.18434045091271
3.52196404633973,1.8078154622044,4.53859375237159,"Invisible",2.18434045091271
3.16282985555752,1.66780075793671,3.7050234003137,"Invisible",2.18434045091271
7.2247615903608,3.72069035241844,17.6065145758117,"Visible",2.18434045091271
3.9357694327558,2.64213101966581,5.59692005870541,"Invisible",2.18434045091271
2.99294798380014,2.2642658032212,3.33850455371263,"Invisible",2.18434045091271
3.76323464331304,2.57621651608804,5.14299814099012,"Invisible",2.18434045091271
2.91662018229694,1.56950857946177,3.17968059733255,"Invisible",2.18434045091271
3.65813410552347,1.85995486380582,4.87534842407422,"Invisible",2.18434045091271
3.38323146594102,1.75417278771807,4.20717650010969,"Invisible",2.18434045091271
3.8850125962831,1.94576221976181,5.4615114063357,"Visible",2.18434045091271
4.60045493795921,2.88502023375238,7.51309993261008,"Visible",2.18434045091271
3.10091191744365,2.30994194032734,3.56935875864167,"Visible",2.18434045091271
2.87271791403566,1.55176735037947,3.08997805295499,"Visible",2.18434045091271
2.99732994826733,1.6019506998474,3.34773297924137,"Invisible",2.18434045091271
4.96665470031088,2.33907116457582,8.68120264854941,"Visible",2.18434045091271
3.10939249301566,1.64663530019428,3.58779942010079,"Invisible",2.18434045091271
3.17074015642262,2.33911503393253,3.72252644306513,"Visible",2.18434045091271
3.01783812840732,1.61015913416287,3.39108234361622,"Invisible",2.18434045091271
2.90394854174135,1.56439478614087,3.15366564531237,"Invisible",2.18434045091271
3.9352582662719,2.64193762004467,5.5955486056525,"Visible",2.18434045091271
3.86567577220895,2.61550791805065,5.41033497461944,"Invisible",2.18434045091271
3.65292777904973,1.85797040781115,4.86226481974649,"Invisible",2.18434045091271
3.18432447019226,2.34475763703494,3.75267475892181,"Invisible",2.18434045091271
3.37366657072987,1.75045431465584,4.18476254182079,"Invisible",2.18434045091271
3.16455280529649,2.33654145798037,3.70883245097737,"Invisible",2.18434045091271
2.97816856705741,1.594268603725,3.30746738405601,"Invisible",2.18434045091271
3.87574987892567,1.9422840131392,5.43696863753205,"Invisible",2.18434045091271
2.98041658007864,1.59517050674997,3.31217948486085,"Invisible",2.18434045091271
3.97259126798187,2.65603383674187,5.69612795301718,"Visible",2.18434045091271
3.13329782704158,2.32350750959754,3.64002088711265,"Invisible",2.18434045091271
3.14714829543268,1.66159896033691,3.67043961368472,"Invisible",2.18434045091271
3.45105683033267,1.7804657759136,4.36772852623147,"Invisible",2.18434045091271
3.48176536470932,1.7923275051759,4.44134860868913,"Invisible",2.18434045091271
3.7909300837379,1.91033601327224,5.21464579112317,"Invisible",2.18434045091271
3.12902833590937,1.65442316802021,3.63066812346342,"Visible",2.18434045091271
3.50977360818232,1.80312336690262,4.50899913540946,"Invisible",2.18434045091271
2.95813731910655,2.24938577377558,3.26561878040348,"Invisible",2.18434045091271
3.67109755212172,2.54047661732082,4.90799761473759,"Visible",2.18434045091271
2.88729999377271,2.21886793891925,3.11963880749876,"Invisible",2.18434045091271
4.25978796751877,2.76260026708728,6.49794676799952,"Invisible",2.18434045091271
3.16025103797362,1.66678140831774,3.69932565755518,"Invisible",2.18434045091271
2.90777282543759,1.5659387097186,3.16150633867651,"Invisible",2.18434045091271
2.84984058923818,1.54249557140445,3.04371278451335,"Invisible",2.18434045091271
3.09547497413425,1.64110794505829,3.55755984772533,"Invisible",2.18434045091271
3.16857012545124,1.67006901278895,3.7177209784007,"Invisible",2.18434045091271
3.28330750447869,2.38555998396827,3.97579888355117,"Invisible",2.18434045091271
3.46166514677771,1.78456640819683,4.39309532020339,"Invisible",2.18434045091271
3.42257737341228,1.76944142009681,4.29996955079546,"Invisible",2.18434045091271
4.40784216498218,2.81631022490466,6.9306261798401,"Visible",2.18434045091271
3.03373767489123,1.61651334217388,3.42487049317787,"Invisible",2.18434045091271
3.61604580121155,1.84389202186346,4.77005301829481,"Visible",2.18434045091271
3.24601614908475,1.70057197842179,3.89102705431345,"Invisible",2.18434045091271
3.28165037915149,1.71454553018328,3.97201362864394,"Invisible",2.18434045091271
3.0982557875378,1.64221284436444,3.56359229931925,"Invisible",2.18434045091271
3.06912750288005,1.63062693898655,3.50064241236146,"Invisible",2.18434045091271
6.77856547241492,3.58938780709438,15.6111958836831,"Invisible",2.18434045091271
3.74612094523058,2.56960725578603,5.09895824103973,"Invisible",2.18434045091271
3.56942887998219,2.50058198460809,4.65469011452327,"Visible",2.18434045091271
3.40389211023,1.76219590133464,4.25578375574871,"Invisible",2.18434045091271
4.66493133134829,2.90773894560061,7.71300892104049,"Visible",2.18434045091271
3.22631259141697,2.36213243584805,3.84658320889822,"Visible",2.18434045091271
3.22706831599942,2.36244424969108,3.84828341461176,"Invisible",2.18434045091271
3.28993977730502,2.38827458566891,3.99096548022829,"Visible",2.18434045091271
2.92329111843109,1.57219847954806,3.1934164210523,"Invisible",2.18434045091271
2.92433495592654,1.57261924359713,3.19556825752477,"Invisible",2.18434045091271
3.58577128195901,1.83230890664065,4.69498154235511,"Invisible",2.18434045091271
6.18069976315269,2.75568259416216,13.1152181081295,"Visible",2.18434045091271
3.5390906987608,2.488581572607,4.58032565959019,"Invisible",2.18434045091271
3.09944451972837,1.64268508698463,3.56617249575756,"Invisible",2.18434045091271
3.51553186845853,1.80534022704494,4.52296707228416,"Invisible",2.18434045091271
3.25013429579766,2.37194605165058,3.90034636394541,"Invisible",2.18434045091271
3.73186502182615,1.88798297192765,5.06240838991224,"Invisible",2.18434045091271
2.95864645011842,1.58642914052329,3.26667933731234,"Invisible",2.18434045091271
2.9054458296051,1.56499932546533,3.15673435242106,"Invisible",2.18434045091271
5.76389732393289,2.61518455149819,11.4964910754311,"Visible",2.18434045091271
4.64776440057872,2.90170351485629,7.65954189228883,"Visible",2.18434045091271
2.88593251690212,1.55711456735534,3.11685162561224,"Invisible",2.18434045091271
3.34577969404809,2.41103597840763,4.11973497592018,"Visible",2.18434045091271
3.06461080641538,1.62882794166486,3.49092849602915,"Invisible",2.18434045091271
10.1395712560266,3.99360324047856,33.3735055095396,"Visible",2.18434045091271
2.94268718562267,2.24275704867427,3.23351202606073,"Invisible",2.18434045091271
3.6237599867167,1.8468396014927,4.7892712783978,"Invisible",2.18434045091271
4.18305419143423,2.05660325861868,6.27886119154219,"Invisible",2.18434045091271
4.04767833296678,2.68421132347253,5.90096905345785,"Invisible",2.18434045091271
2.86932331009371,2.21107149148261,3.08309235392064,"Invisible",2.18434045091271
5.34796776692314,3.14051078287691,9.98142965255853,"Visible",2.18434045091271
4.74972780079211,2.26207025447843,7.97967293218196,"Visible",2.18434045091271
4.21346074608999,2.06779814661249,6.36525365354581,"Invisible",2.18434045091271
6.79614125822608,2.95888739939564,15.6876562218838,"Visible",2.18434045091271
3.42674135500262,2.44374511300502,4.30984550894152,"Invisible",2.18434045091271
3.44135690621672,1.77671351763065,4.34459433320804,"Invisible",2.18434045091271
6.70477445753754,3.56731395559858,15.2920980883004,"Visible",2.18434045091271
3.08810714597032,2.3045613288829,3.54159995703925,"Invisible",2.18434045091271
3.61747308564975,1.84443750392718,4.77360605704221,"Visible",2.18434045091271
2.8466296876804,2.20119881100805,3.03724557103324,"Invisible",2.18434045091271
9.35268897002759,3.75897147682537,28.6554543562981,"Visible",2.18434045091271
3.71623291365641,1.88205224802911,5.02247230969816,"Visible",2.18434045091271
3.59957356350061,2.51246184911691,4.729137525727,"Invisible",2.18434045091271
3.33234667546485,2.40557566900253,4.08858227203967,"Invisible",2.18434045091271
5.80266372967121,3.2883104932898,11.6428171156629,"Visible",2.18434045091271
2.88537555905206,2.21803433039497,3.11571677354794,"Invisible",2.18434045091271
3.88913954807393,2.62444325274561,5.47246302819615,"Visible",2.18434045091271
3.00201132196365,2.26812756967043,3.35760518806651,"Invisible",2.18434045091271
3.07819749338601,2.30039057037664,3.52018726586325,"Invisible",2.18434045091271
3.21508315468298,1.68841078468173,3.82136118403809,"Visible",2.18434045091271
3.24232724181058,1.69912322737808,3.88268800502757,"Invisible",2.18434045091271
2.89620136193002,1.56126556567913,3.13781012800998,"Invisible",2.18434045091271
6.43405637821099,2.8399221082263,14.147991492064,"Visible",2.18434045091271
2.91264179732662,2.22982273300785,3.17150213237065,"Invisible",2.18434045091271
3.37280077043633,2.42199072039124,4.18273644078347,"Invisible",2.18434045091271
2.85359640386739,2.20423326762379,3.05128573426432,"Invisible",2.18434045091271
3.6197493578774,1.84530734210593,4.77927511304952,"Invisible",2.18434045091271
2.86567488564897,2.20948657840186,3.07569984932833,"Invisible",2.18434045091271
3.51422577017511,2.47871261702778,4.51979706086235,"Invisible",2.18434045091271
2.94088381573677,1.57928496599001,3.22977418097831,"Visible",2.18434045091271
3.60240960618369,2.51357728029597,4.73617018328306,"Invisible",2.18434045091271
3.75378269169582,2.57256782551582,5.11865275199287,"Invisible",2.18434045091271
5.47320005468151,3.18174748108041,10.4270104763547,"Visible",2.18434045091271
4.02757919630524,2.67669135887996,5.84580432981903,"Visible",2.18434045091271
3.1074409220784,2.31268171894053,3.58355185345694,"Invisible",2.18434045091271
3.65277519221273,1.85791223676217,4.86188161517632,"Invisible",2.18434045091271
3.42039219281511,2.44119227681554,4.29479109103199,"Invisible",2.18434045091271
3.81973600725134,2.59794458984269,5.2896603094834,"Invisible",2.18434045091271
3.34402327428655,2.41032256599298,4.11565532241362,"Invisible",2.18434045091271
3.51574902873514,1.80542381330484,4.52349423999078,"Invisible",2.18434045091271
4.61824763021435,2.21497165227681,7.56801963779008,"Visible",2.18434045091271
4.92205659141894,2.99700596186639,8.53470747209645,"Visible",2.18434045091271
3.37539526370162,1.75112656103435,4.18880931923079,"Invisible",2.18434045091271
3.63427148917756,2.52608250144098,4.81551691397071,"Invisible",2.18434045091271
4.21624096632903,2.74664819777342,6.37318062207535,"Invisible",2.18434045091271
7.1001273925557,3.68437930117012,17.0378262182018,"Visible",2.18434045091271
3.48204772813401,2.46589571511309,4.44202822461827,"Invisible",2.18434045091271
3.24355684261446,2.36923954291375,3.88546667480524,"Invisible",2.18434045091271
2.98508539429414,2.26091152348385,3.32197594429348,"Visible",2.18434045091271
2.96399474686103,1.58857813200844,3.27783000806873,"Invisible",2.18434045091271
3.01175393535719,1.60772538721072,3.37819447552576,"Visible",2.18434045091271
4.59350555477242,2.20607126573321,7.49170072093782,"Visible",2.18434045091271
2.90807097081808,1.56605905432779,3.16211799228517,"Invisible",2.18434045091271
3.33460390099729,2.40649386598821,4.09380926678701,"Invisible",2.18434045091271
2.92047271176446,1.57106221027239,3.18760977207475,"Visible",2.18434045091271
3.16008298966984,1.66671497530676,3.69895450794759,"Invisible",2.18434045091271
3.77734248251034,2.58165506481432,5.17943667505524,"Invisible",2.18434045091271
4.65433449425422,2.9040145302464,7.67998403862002,"Visible",2.18434045091271
2.86241467822749,1.54759392713636,3.06910101454028,"Invisible",2.18434045091271
3.08609911713419,1.6373808060893,3.53725609540143,"Invisible",2.18434045091271
4.76936112013092,2.94424683023647,8.04202191266936,"Visible",2.18434045091271
3.66319605878741,1.86188361201845,4.88808505791764,"Invisible",2.18434045091271
3.14525380933617,2.32850006396313,3.66627187488963,"Invisible",2.18434045091271
3.69808093069806,2.5509835794571,4.97628517153376,"Invisible",2.18434045091271
3.48577813950329,2.4673842241116,4.45101147889366,"Invisible",2.18434045091271
5.14622440421628,3.0731832257903,9.28288993340967,"Invisible",2.18434045091271
3.04580977912363,2.28671823683238,3.45063006945311,"Invisible",2.18434045091271
4.05728961603025,2.68780156354054,5.92743453556916,"Invisible",2.18434045091271
2.896396341643,1.56134434706918,3.13820871620117,"Invisible",2.18434045091271
8.01591716872939,3.34859761575056,21.4202121947835,"Visible",2.18434045091271
2.84874496067901,1.5420510655745,3.04150530574028,"Invisible",2.18434045091271
3.22309804873145,1.69156461318313,3.83935517627181,"Invisible",2.18434045091271
5.75167264195564,3.27199382750119,11.4505287350298,"Invisible",2.18434045091271
3.27334815731095,1.71129331994329,3.95307496214664,"Invisible",2.18434045091271
2.96349120633883,2.25167927865636,3.2767794142575,"Visible",2.18434045091271
3.22122323156212,1.69082705635866,3.83514252220507,"Invisible",2.18434045091271
5.33780524076043,3.1371460574352,9.94567243859579,"Visible",2.18434045091271
2.98805577007285,1.59823407824472,3.32821568891246,"Visible",2.18434045091271
4.23607619759292,2.75392308160519,6.42986938955554,"Invisible",2.18434045091271
3.1884741266209,1.6779260793954,3.76190707658021,"Invisible",2.18434045091271
4.67334751819107,2.23474978735669,7.73928528858839,"Invisible",2.18434045091271
5.82892559461565,2.63726800460531,11.7424381069045,"Visible",2.18434045091271
3.48648645270747,2.46766677674726,4.45271814108661,"Invisible",2.18434045091271
3.33878236498715,1.73687018665938,4.10349350272831,"Invisible",2.18434045091271
8.6002769868357,4.1046899132221,24.4614766554128,"Visible",2.18434045091271
2.92460860742717,1.57272954449839,3.19613249375159,"Invisible",2.18434045091271
2.94666848051954,1.58161275584,3.24177125107075,"Invisible",2.18434045091271
3.53310110342753,1.81209855690436,4.56571061195482,"Invisible",2.18434045091271
3.6864557206589,1.87073764306363,4.94681056939887,"Invisible",2.18434045091271
3.55168987968069,2.49357066802987,4.61114022205825,"Invisible",2.18434045091271
2.92264193933713,2.23413415675726,3.19207850341973,"Invisible",2.18434045091271
3.01015266766465,1.60708465716007,3.37480641751974,"Invisible",2.18434045091271
3.15176596362922,1.66342597407682,3.68060748786085,"Invisible",2.18434045091271
7.85355765580275,3.29763086598187,20.6089682877783,"Visible",2.18434045091271
3.54994396545666,1.81856957544489,4.60686434063246,"Invisible",2.18434045091271
3.17296132887168,2.34003837696121,3.72744818023772,"Invisible",2.18434045091271
8.46855802710097,4.06914052288199,23.7594047130509,"Visible",2.18434045091271
3.47738691244721,1.7906378551464,4.4308164383276,"Invisible",2.18434045091271
3.87345602956604,2.61847336544049,5.43089881317996,"Visible",2.18434045091271
3.33800402933769,1.73656669364546,4.10168877455196,"Visible",2.18434045091271
3.50119749533585,2.47352949443394,4.48823351856176,"Invisible",2.18434045091271
3.22149746439132,2.3601449534038,3.83575857885973,"Invisible",2.18434045091271
3.52918967020657,1.81059468186332,4.55617828082677,"Invisible",2.18434045091271
6.29431139926667,3.44253970111424,13.5737902878225,"Visible",2.18434045091271
4.5727553123259,2.19859758748035,7.42797531849039,"Visible",2.18434045091271
3.44407716253629,1.7777660716276,4.35107628291592,"Invisible",2.18434045091271
3.84192013120938,1.92956299688399,5.34777387689442,"Visible",2.18434045091271
3.55725418562904,2.49577159433071,4.62478008430863,"Invisible",2.18434045091271
3.23636821672693,2.36627880624036,3.8692349501929,"Invisible",2.18434045091271
2.88100457927032,1.55512122280213,3.10681725062602,"Invisible",2.18434045091271
4.43922106629689,2.82759195124867,7.02401107209208,"Visible",2.18434045091271
3.02424160513549,2.27757810772165,3.40467144483444,"Invisible",2.18434045091271
6.76011111360554,2.94712188877987,15.5311024616909,"Visible",2.18434045091271
4.73311845242966,2.93161656187412,7.92710521686869,"Invisible",2.18434045091271
3.4108437216783,2.43734918298949,4.27219745395455,"Invisible",2.18434045091271
3.39676377152088,2.43167367049783,4.23898362191575,"Invisible",2.18434045091271
4.34794886830598,2.11707310385794,6.75401305564835,"Invisible",2.18434045091271
3.50154378847479,2.47366737124717,4.48907113636315,"Visible",2.18434045091271
3.02199369848898,2.27662385860777,3.39989815323346,"Invisible",2.18434045091271
4.50544736848201,2.17429633125061,7.22303017142013,"Invisible",2.18434045091271
4.06682907210934,2.01362259237159,5.95375726863332,"Visible",2.18434045091271
2.90400841755788,2.22609537117785,3.1537883344971,"Invisible",2.18434045091271
3.38819471024574,1.75610127336158,4.2188293242192,"Invisible",2.18434045091271
3.36864696830637,2.42030920597797,4.17302234198101,"Invisible",2.18434045091271
3.02302017483982,2.27705964205464,3.40207742219783,"Visible",2.18434045091271
2.96993949546634,1.59096564356808,3.29024517714388,"Invisible",2.18434045091271
3.90860269860871,2.631837256283,5.52425101390955,"Visible",2.18434045091271
3.21411323825814,1.68802899298658,3.81918634947981,"Invisible",2.18434045091271
3.14273999539099,2.32745103931878,3.66074509339911,"Invisible",2.18434045091271
4.67518813402878,2.23540946597871,7.745037514029,"Visible",2.18434045091271
3.19118800908775,2.34760459386997,3.76795079466622,"Invisible",2.18434045091271
2.98218314368473,2.2596724127243,3.31588462314657,"Invisible",2.18434045091271
6.41021718436408,3.47812402896773,14.0492473241103,"Visible",2.18434045091271
3.42516846653197,1.77044537595321,4.30611374608355,"Invisible",2.18434045091271
3.86165342611459,1.93698671089362,5.39971797326945,"Visible",2.18434045091271
4.66903621510931,2.90918067547427,7.72581962455,"Visible",2.18434045091271
3.04386649919824,2.28589587686833,3.44647735336264,"Invisible",2.18434045091271
5.02613264155117,3.03255760623184,8.87839719424902,"Visible",2.18434045091271
3.34789028763632,2.4118930309267,4.12463978533346,"Invisible",2.18434045091271
3.31995714287205,2.40053099817253,4.05994807698006,"Invisible",2.18434045091271
2.91673511143433,2.23158828885338,3.17991700713793,"Invisible",2.18434045091271
4.03493882609906,2.00177588797934,5.8659755417827,"Invisible",2.18434045091271
2.97798403174039,2.25787867735509,3.30708071627309,"Invisible",2.18434045091271
3.74804109273854,1.89411352481802,5.10389062723473,"Invisible",2.18434045091271
3.30508244854884,1.72371342938098,4.02569525055161,"Invisible",2.18434045091271
3.38693147820913,2.42770426360418,4.21586204062011,"Invisible",2.18434045091271
4.70049837769899,2.24447410019623,7.82433983952146,"Invisible",2.18434045091271
3.71375736257327,1.88111246688217,5.0161615397273,"Invisible",2.18434045091271
3.02749165968347,2.27895722716626,3.41157830065414,"Invisible",2.18434045091271
3.96554225420393,1.97591475556772,5.67707262205018,"Visible",2.18434045091271
2.98535472718037,1.59715109385964,3.32254149378102,"Invisible",2.18434045091271
3.50158432840747,1.79996902401437,4.4891691996191,"Invisible",2.18434045091271
2.9643805731522,2.25206009151933,3.27863510841111,"Invisible",2.18434045091271
3.08419814640235,1.63662477681716,3.53314613573893,"Invisible",2.18434045091271
4.43255465874275,2.82519808183872,7.00412243066489,"Visible",2.18434045091271
3.80379876774215,1.91519452846948,5.24809535121247,"Invisible",2.18434045091271
3.02291770862789,1.61219008325279,3.40185985098555,"Invisible",2.18434045091271
4.15564754744723,2.04649538257072,6.20146785306033,"Visible",2.18434045091271
4.74390828243442,2.25999256364525,7.96123587803917,"Invisible",2.18434045091271
3.0917366463204,1.63962220514372,3.54945781856963,"Invisible",2.18434045091271
4.07366737877774,2.69391084363196,5.9726603046456,"Invisible",2.18434045091271
2.97314757714271,2.25581131981496,3.29695418272842,"Invisible",2.18434045091271
3.53365051465045,1.81230976213268,4.56705030072235,"Visible",2.18434045091271
2.94802955965577,1.58216029727043,3.24459709083331,"Invisible",2.18434045091271
3.60477249332563,2.51450632416838,4.74203328733835,"Visible",2.18434045091271
3.67103293246177,1.86486836771908,4.90783461240212,"Invisible",2.18434045091271
4.51211427897741,2.8536658847241,7.24320988976085,"Visible",2.18434045091271
3.58827393072072,2.50801382814863,4.70116611522542,"Visible",2.18434045091271
3.54928093318748,2.49261735763746,4.60524101085844,"Invisible",2.18434045091271
3.31242030148004,1.72658104514849,4.04257550587772,"Invisible",2.18434045091271
3.52267122396348,2.48206804717706,4.54031335340232,"Invisible",2.18434045091271
3.0948772859473,1.64087043343293,3.55626390282458,"Invisible",2.18434045091271
7.54567307180519,3.20024950566548,19.111095712306,"Visible",2.18434045091271
3.5830920428637,1.83128264504976,4.68836481869424,"Visible",2.18434045091271
3.01931160495177,1.61074835674245,3.39420701075793,"Invisible",2.18434045091271
3.13497692421522,1.65678004838345,3.64370222209602,"Invisible",2.18434045091271
3.61602771553581,1.84388510950231,4.77000800433789,"Visible",2.18434045091271
2.89201789406981,2.22091056928795,3.12926378701795,"Invisible",2.18434045091271
2.95198243858068,2.24674689883082,3.25281052337484,"Invisible",2.18434045091271
4.198954828853,2.06245998514188,6.32396958003306,"Invisible",2.18434045091271
2.84663991697701,2.20120326890439,3.03726616402886,"Invisible",2.18434045091271
3.34193068784945,2.40947239783272,4.11079733124513,"Invisible",2.18434045091271
3.74465730179899,1.89283165432882,5.09520000688808,"Invisible",2.18434045091271
3.27424910361104,2.38184849410204,3.95512810365722,"Invisible",2.18434045091271
3.98925921117132,1.98476570453102,5.74130512761063,"Visible",2.18434045091271
2.90048448835395,2.224572565954,3.14657140883708,"Invisible",2.18434045091271
3.01761175168282,2.27476280640136,3.39060240703739,"Invisible",2.18434045091271
3.09796757264599,2.30870557575129,3.56296684819787,"Invisible",2.18434045091271
2.90487360322398,2.22646912291446,3.15556140287181,"Invisible",2.18434045091271
3.27854760637347,1.71333032959213,3.96493074006738,"Invisible",2.18434045091271
3.17047171422434,2.33900342319551,3.72193182821356,"Invisible",2.18434045091271
8.86430972316521,3.61086512581751,25.8976848118557,"Visible",2.18434045091271
2.97167207450836,2.25518031950569,3.29386769192484,"Invisible",2.18434045091271
3.44302576180689,2.45028323775284,4.34857041925384,"Visible",2.18434045091271
2.99019864981283,2.26309334045155,3.33272056412542,"Invisible",2.18434045091271
2.92488794250628,1.57284213361752,3.19670849711704,"Invisible",2.18434045091271
3.80340860445002,2.59168024576955,5.24707972250305,"Visible",2.18434045091271
3.49071596221541,2.46935344575202,4.46291543385873,"Invisible",2.18434045091271
3.35251529989642,2.41377029384135,4.13539744386356,"Invisible",2.18434045091271
2.83864088333886,2.19771517676936,3.02118303778143,"Invisible",2.18434045091271
2.9653529041487,1.58912369656391,3.28066447517951,"Invisible",2.18434045091271
3.89934739069545,2.62832319596003,5.49959569533269,"Invisible",2.18434045091271
2.90559024200231,1.56505762874593,3.15703040130793,"Invisible",2.18434045091271
3.31925228165646,1.72924953698484,4.05832187359345,"Invisible",2.18434045091271
3.12740471306821,1.65377968019768,3.62711437728595,"Invisible",2.18434045091271
2.97117951357278,2.25496964484523,3.29283764397069,"Invisible",2.18434045091271
3.73997297167337,1.89105662587702,5.08318068909937,"Visible",2.18434045091271
3.49375553953214,2.47056503576471,4.47025058573874,"Invisible",2.18434045091271
4.33634686544007,2.79047366947778,6.72004893507052,"Visible",2.18434045091271
3.51243862417465,2.47800212208189,4.51546119838205,"Invisible",2.18434045091271
4.37750593236588,2.12785099326688,6.84090302191204,"Visible",2.18434045091271
2.85746452789809,1.54558748418476,3.05909438117801,"Visible",2.18434045091271
3.26676140474709,2.37877718217934,3.93807981811112,"Invisible",2.18434045091271
3.07106747962723,2.29738607595496,3.50481855354946,"Visible",2.18434045091271
2.91766878242631,1.5699315051055,3.18183787914928,"Invisible",2.18434045091271
3.80703934947807,1.91641734658433,5.25653443521395,"Visible",2.18434045091271
3.10833787090144,2.31305791092555,3.58550375625123,"Invisible",2.18434045091271
3.72074106999282,1.88376325435282,5.03397425374581,"Visible",2.18434045091271
2.87481931823399,2.21345735453741,3.09424421132167,"Invisible",2.18434045091271
3.20174220112955,1.68315680192372,3.79149794060102,"Invisible",2.18434045091271
3.37761766796346,2.42393953336025,4.19401454907802,"Invisible",2.18434045091271
3.19945369748011,1.68225498463514,3.78638627377332,"Invisible",2.18434045091271
2.83306876974427,2.19528284219833,3.01000327756743,"Invisible",2.18434045091271
5.17980636648517,3.0844693576523,9.39751488060854,"Invisible",2.18434045091271
2.83288044532217,2.19520059851579,3.00962576811971,"Invisible",2.18434045091271
3.80716791545566,1.91646585496685,5.25686937661908,"Invisible",2.18434045091271
4.08348470030565,2.69756779113412,5.99984742283863,"Invisible",2.18434045091271
2.89647082881993,2.22283714833122,3.13836099324297,"Invisible",2.18434045091271
3.08141409916901,1.63551733120569,3.52713098945624,"Invisible",2.18434045091271
3.33222406807805,1.73431238373913,4.08829844337994,"Visible",2.18434045091271
5.07827093606167,3.05024683342784,9.05296886842714,"Visible",2.18434045091271
3.13145043982479,2.32273534041929,3.63597260555856,"Invisible",2.18434045091271
3.15693006492615,1.66546839407191,3.69199423839333,"Invisible",2.18434045091271
2.83651718436518,1.53708724211296,3.01691979977619,"Invisible",2.18434045091271
3.10024777320405,1.6430041664188,3.56791649031347,"Invisible",2.18434045091271
2.87596054622903,1.55308003318391,3.09656223044661,"Invisible",2.18434045091271
2.83378215910828,2.19559436681776,3.01143351815529,"Invisible",2.18434045091271
3.1751132346022,1.67265325297565,3.73221934904437,"Visible",2.18434045091271
3.48546222813253,1.79375371490423,4.45025039784409,"Visible",2.18434045091271
3.89245365994889,1.94855487999502,5.48126509502497,"Invisible",2.18434045091271
2.98468757495833,1.59688356108153,3.32114067968828,"Invisible",2.18434045091271
4.69075845088056,2.91680083519682,7.79377765499022,"Visible",2.18434045091271
2.9455311141757,2.24397834625921,3.23941076600119,"Visible",2.18434045091271
2.93465422905142,2.23930458794656,3.21687775033425,"Invisible",2.18434045091271
3.21888827808262,1.68990833062909,3.82989899605277,"Invisible",2.18434045091271
5.05969495571631,3.04395359449588,8.99058878161195,"Visible",2.18434045091271
2.92593438091755,2.23555223841307,3.19886674087709,"Visible",2.18434045091271
4.57772111422305,2.20038690732986,7.44320234370391,"Visible",2.18434045091271
4.5577473017649,2.8698953290318,7.38204418099633,"Visible",2.18434045091271
3.20008644307268,1.68250434315644,3.78779926813115,"Invisible",2.18434045091271
4.42339237869291,2.82190539337997,6.97683082617108,"Visible",2.18434045091271
2.94787099816821,1.58209651365516,3.24426782973296,"Invisible",2.18434045091271
3.30363840444289,2.39387390978581,4.02237723022746,"Invisible",2.18434045091271
3.61093824513948,1.84193956515703,4.75734860932655,"Invisible",2.18434045091271
3.71024462985517,1.87977867629019,5.00721314694922,"Visible",2.18434045091271
3.85480455837592,2.61135998558993,5.38166291014758,"Visible",2.18434045091271
3.10360338049699,2.3110716687818,3.57520639590002,"Invisible",2.18434045091271
2.86370460413047,1.54811662962872,3.07171109739868,"Invisible",2.18434045091271
2.86799594935533,1.54985514004953,3.08040186595464,"Invisible",2.18434045091271
3.41126472963291,2.4375187302489,4.27319246452712,"Invisible",2.18434045091271
3.35376291759669,1.7427080414018,4.13830162566191,"Invisible",2.18434045091271
3.0714514999251,2.29754797459271,3.50564550224975,"Invisible",2.18434045091271
2.95155431687632,1.58357795928319,3.25192048558939,"Invisible",2.18434045091271
4.60065942063437,2.88509250351477,7.51373002987152,"Visible",2.18434045091271
3.61737805397621,1.84440118623124,4.77336944942806,"Invisible",2.18434045091271
2.96906562265121,2.25406533332889,3.2884187752252,"Invisible",2.18434045091271
3.0065288923539,1.60563432711439,3.36714491683926,"Invisible",2.18434045091271
2.86724652321608,1.54955157940181,3.07888330758572,"Invisible",2.18434045091271
2.95923280594156,2.24985520710908,3.26790095965851,"Invisible",2.18434045091271
3.90405052316055,1.95290456394144,5.512117945119,"Visible",2.18434045091271
2.84285341519894,2.1995526449787,3.02964789366098,"Invisible",2.18434045091271
2.98161643535386,1.59565181904917,3.31469581374229,"Invisible",2.18434045091271
3.79257277095809,1.91095643235721,5.21891002956283,"Invisible",2.18434045091271
3.36993251112955,1.74900193573595,4.17602758341558,"Invisible",2.18434045091271
3.18235594261319,2.3439406089511,3.74829883074954,"Invisible",2.18434045091271
2.95965902406956,2.25003782778408,3.26878908351212,"Invisible",2.18434045091271
3.07563728808161,1.63321861621218,3.51466511819411,"Visible",2.18434045091271
3.87874996615695,2.62048966497136,5.44491206851395,"Visible",2.18434045091271
3.00792477648343,2.27064447054543,3.37009517024484,"Invisible",2.18434045091271
2.93869600057574,2.24104220382835,3.22524222412362,"Invisible",2.18434045091271
3.02436258659099,1.61276762707457,3.40492843077446,"Visible",2.18434045091271
7.24870335220199,3.72763417622747,17.716761806351,"Visible",2.18434045091271
2.8339079411529,1.53602733561517,3.01168572574157,"Invisible",2.18434045091271
3.11050964738402,2.31396858601016,3.59023195515241,"Invisible",2.18434045091271
2.8719249708575,2.21220114252201,3.0883689810454,"Invisible",2.18434045091271
3.60270832874176,1.83879207307691,4.73691122443311,"Visible",2.18434045091271
3.15413049721548,2.33220141748593,3.68581919016207,"Invisible",2.18434045091271
3.08068537336905,1.63522741536817,3.52555731731409,"Invisible",2.18434045091271
3.04971941328768,1.62289199766016,3.45899193101072,"Invisible",2.18434045091271
3.2509150172513,2.37226714631616,3.90211430738387,"Invisible",2.18434045091271
3.99531867427607,2.66458696154445,5.75777040408491,"Invisible",2.18434045091271
3.42753342198246,1.77136154551957,4.31172530581559,"Invisible",2.18434045091271
5.71856838223009,3.26136696551762,11.3264979731611,"Visible",2.18434045091271
2.92745378639887,1.57387619967175,3.2020016818557,"Visible",2.18434045091271
3.02961189793172,2.27985657516187,3.41608767216845,"Invisible",2.18434045091271
2.88951539945914,2.21982728732038,3.12415671697493,"Invisible",2.18434045091271
3.25850291897799,1.70547287299336,3.91931672109547,"Invisible",2.18434045091271
3.05587168052041,2.29097258952017,3.47216955915055,"Invisible",2.18434045091271
2.96651621210555,2.25297433491762,3.28309320829531,"Invisible",2.18434045091271
3.95934007679537,1.97359797572732,5.66033133331848,"Invisible",2.18434045091271
4.5531374903818,2.19152396122513,7.36796300688574,"Invisible",2.18434045091271
3.03035803865147,2.28017300262673,3.41767524736405,"Invisible",2.18434045091271
5.53101442818966,3.20064563112625,10.6357991720122,"Visible",2.18434045091271
6.39598726640563,2.82731815912381,13.9904606184174,"Visible",2.18434045091271
3.02557064640726,2.27814214766749,3.40749506280882,"Invisible",2.18434045091271
5.51733148643056,3.1961808191597,10.5862093827769,"Invisible",2.18434045091271
6.41947788720943,2.83509766366354,14.0875674107901,"Visible",2.18434045091271
2.97707156004196,2.25748875070405,3.30516907254564,"Invisible",2.18434045091271
3.13207323007522,1.65562972058611,3.63733712362791,"Invisible",2.18434045091271
2.89331404214537,1.56009879098343,3.13191049631004,"Invisible",2.18434045091271
3.99887256423917,1.9883495623798,5.76743763904964,"Invisible",2.18434045091271
4.24034366806219,2.07767888217347,6.44209658864123,"Invisible",2.18434045091271
4.36137423870416,2.12197088973465,6.79341539340732,"Invisible",2.18434045091271
3.01034478821675,1.60716153663941,3.37521283332612,"Invisible",2.18434045091271
3.53064330681632,1.81115362746186,4.55971976250586,"Invisible",2.18434045091271
4.59910559295215,2.8845433032201,7.50894265490366,"Visible",2.18434045091271
5.12793326682048,3.06702247051505,9.22073519216681,"Visible",2.18434045091271
2.87718623265286,1.55357611916954,3.09905270697593,"Invisible",2.18434045091271
3.14243482981415,2.32732366757774,3.66007443400702,"Invisible",2.18434045091271
3.32903588841202,2.40422841177633,4.08092125240245,"Visible",2.18434045091271
2.98840213767924,1.59837293675381,3.32894364718234,"Invisible",2.18434045091271
4.32993025252837,2.78814581246483,6.70129927751991,"Visible",2.18434045091271
3.68685589113637,1.87088984944166,4.94782379542489,"Visible",2.18434045091271
3.74189400817085,1.89178462960068,5.08810817883167,"Invisible",2.18434045091271
3.73399544889626,2.56491644591887,5.06786260130308,"Invisible",2.18434045091271
3.43984003131459,1.7761264998184,4.34098182765389,"Invisible",2.18434045091271
3.20294811924341,2.35247641604577,3.79419281751771,"Invisible",2.18434045091271
10.5327075861964,4.6014109174338,35.8568768940577,"Visible",2.18434045091271
2.99964714313071,2.26712071597384,3.35261783545009,"Invisible",2.18434045091271
6.77136299789243,3.58723789209062,15.5799135189162,"Visible",2.18434045091271
4.73299727460856,2.93157426175434,7.92672229551217,"Visible",2.18434045091271
2.96283985898326,1.58811417043328,3.27542066905989,"Invisible",2.18434045091271
4.13682369771407,2.03954326486853,6.14857279710253,"Invisible",2.18434045091271
4.25334517795918,2.76024465559574,6.47941593758942,"Invisible",2.18434045091271
3.83650655986566,2.6043668034391,5.33356495063944,"Invisible",2.18434045091271
3.09875961344036,1.64241300269445,3.56468576882691,"Invisible",2.18434045091271
3.19878827632991,1.68199273568764,3.7849005784132,"Invisible",2.18434045091271
4.24845794165464,2.75845674638224,6.46537579978943,"Invisible",2.18434045091271
3.31322308174096,1.72689467318746,4.0444242643798,"Invisible",2.18434045091271
3.64328926408231,2.52961312049383,4.83808665482754,"Visible",2.18434045091271
4.30448424015525,2.10119045711762,6.62718726774138,"Invisible",2.18434045091271
5.81267353898686,3.29150617917892,11.6807409847997,"Visible",2.18434045091271
3.19929691902098,1.68219319794976,3.78603620757864,"Invisible",2.18434045091271
3.25848344272374,2.37537814135042,3.9192725212592,"Invisible",2.18434045091271
3.62191367553808,1.84613427172241,4.78466827901255,"Invisible",2.18434045091271
8.58857413129188,3.52634506552705,24.3987107091035,"Visible",2.18434045091271
3.0102114143182,2.27161713662261,3.37493068896947,"Invisible",2.18434045091271
2.95782026335936,2.24924989624676,3.2649584120158,"Invisible",2.18434045091271
5.07492617245558,3.0491144246743,9.04172183810714,"Visible",2.18434045091271
3.33178273067085,1.7341402123761,4.08727685073118,"Invisible",2.18434045091271
2.99476700932689,2.2650412744455,3.34233397144993,"Invisible",2.18434045091271
3.6065029064079,1.84024351461602,4.74632917666214,"Invisible",2.18434045091271
3.018442252326,1.61040072354824,3.39236329044236,"Invisible",2.18434045091271
4.05387593028412,2.00881352844723,5.91802828870947,"Invisible",2.18434045091271
3.49522016007998,2.47114867625961,4.47378705041462,"Invisible",2.18434045091271
3.24670610389686,2.37053570827903,3.89258768190508,"Invisible",2.18434045091271
3.8366915706407,1.92759440054118,5.33405025264045,"Visible",2.18434045091271
3.48407138866999,2.46670328259556,4.44690037049172,"Invisible",2.18434045091271
2.91027555034267,2.22880161347031,3.16664247488742,"Invisible",2.18434045091271
3.33261866037564,1.73446631440141,4.08921193366051,"Invisible",2.18434045091271
3.88027363463621,2.62106976136654,5.44894842332872,"Invisible",2.18434045091271
3.41934386265693,1.76818828333149,4.29230779026553,"Invisible",2.18434045091271
3.76637151013454,2.57742654127938,5.15108976620406,"Visible",2.18434045091271
3.18009914863846,1.67462157419559,3.74328505489745,"Invisible",2.18434045091271
7.11123001782693,3.06112428454303,17.0881297932162,"Visible",2.18434045091271
7.57898899018211,3.82242620298366,19.2706148406378,"Visible",2.18434045091271
2.97645099632728,2.25722353533157,3.30386927781185,"Invisible",2.18434045091271
3.24663553992631,2.37050667174117,3.89242805783444,"Invisible",2.18434045091271
5.18268654041707,3.08543582949445,9.40737652642425,"Invisible",2.18434045091271
3.58020709469668,2.50483463415814,4.68124497430105,"Invisible",2.18434045091271
4.94127861143187,3.00359658848837,8.59770397640155,"Visible",2.18434045091271
2.9297491408,2.23719441626372,3.20674035051902,"Invisible",2.18434045091271
2.94146511606941,1.57951893713574,3.23097882035101,"Invisible",2.18434045091271
3.51337071862286,2.47837270376006,4.51772234393522,"Invisible",2.18434045091271
3.13992328728285,2.32627518058867,3.65455703529466,"Invisible",2.18434045091271
3.62500446963461,1.84731496940512,4.79237504608595,"Visible",2.18434045091271
3.01488198503107,1.60897679658118,3.38481759941316,"Invisible",2.18434045091271
2.89690451604328,2.22302471564764,3.1392476659245,"Invisible",2.18434045091271
4.08363812742296,2.019857511683,6.00027276924154,"Invisible",2.18434045091271
3.56825558098035,1.825596169926,4.65180368094063,"Visible",2.18434045091271
3.1462391570063,1.66123917407345,3.66843929409103,"Invisible",2.18434045091271
2.90004009109886,1.56281635675136,3.14566184530773,"Invisible",2.18434045091271
4.17141942101959,2.05231425790209,6.24595077701322,"Visible",2.18434045091271
4.43120722368656,2.14738650132368,7.0001056967778,"Visible",2.18434045091271
3.23649843446583,2.36633246375615,3.86952869432708,"Invisible",2.18434045091271
2.89310407326318,2.22138062812892,3.1314816725314,"Invisible",2.18434045091271
3.43862774189296,1.77565730740641,4.33809572152919,"Invisible",2.18434045091271
4.01736272545543,1.9952366347167,5.81785725034821,"Invisible",2.18434045091271
3.26251642451472,2.37703460724447,3.92843005639557,"Invisible",2.18434045091271
3.22274403033548,1.69142534986951,3.83855954181693,"Invisible",2.18434045091271
2.95043315638588,1.5831270730635,3.24959020670629,"Invisible",2.18434045091271
3.26204131540649,1.70686079160078,3.92735072263513,"Invisible",2.18434045091271
2.84796657507254,1.54173524189341,3.03993746727307,"Invisible",2.18434045091271
5.84499698838019,2.64271628348572,11.8035995882966,"Visible",2.18434045091271
3.21062843928195,2.35565390383224,3.8113772186995,"Invisible",2.18434045091271
2.96406982950296,1.588608293941,3.27798667507739,"Invisible",2.18434045091271
5.16259281852027,3.07868827889479,9.33867747182783,"Invisible",2.18434045091271
3.0961990357323,1.64139566004915,3.55913010061912,"Invisible",2.18434045091271
4.27813055648992,2.09154085993413,6.55084013175261,"Invisible",2.18434045091271
3.93495841001185,2.64182416445457,5.59474416870401,"Visible",2.18434045091271
3.64600648263177,1.85533117244176,4.84489704948144,"Invisible",2.18434045091271
3.12152170536644,1.65144737592553,3.61425149489053,"Invisible",2.18434045091271
2.95346396669233,1.58434584584788,3.25589140955843,"Invisible",2.18434045091271
3.05966227157695,1.62685618083913,3.48030040376006,"Invisible",2.18434045091271
3.06964128379342,1.63083153557621,3.5017481883382,"Invisible",2.18434045091271
3.38095542018976,2.4252892046588,4.20183781175612,"Invisible",2.18434045091271
3.1683318404684,1.66997487549619,3.71719348164754,"Visible",2.18434045091271
3.30591823977357,2.39480480993862,4.02761625879029,"Invisible",2.18434045091271
3.4953856396469,2.4712146119361,4.47418669910506,"Invisible",2.18434045091271
2.88497126201465,2.21785916996927,3.11489310339298,"Invisible",2.18434045091271
3.51934523679297,2.48074703175592,4.53222841793242,"Invisible",2.18434045091271
3.36590090848238,2.41919706751305,4.16660622421616,"Visible",2.18434045091271
2.97592555796965,1.59336853831651,3.30276891468842,"Invisible",2.18434045091271
2.87759305648762,1.55374076589919,3.09987954175405,"Invisible",2.18434045091271
2.83306856897676,2.19528275452186,3.01000287510308,"Invisible",2.18434045091271
3.97886239589872,2.65839601194212,5.71310567823566,"Invisible",2.18434045091271
3.43877794280931,1.77571544192002,4.33845325696507,"Invisible",2.18434045091271
3.07607298759442,1.63339202792198,3.51560459771229,"Visible",2.18434045091271
3.09516585191781,2.30752862443305,3.55688956189877,"Invisible",2.18434045091271
3.08521258442654,1.63702824038858,3.53533910382148,"Invisible",2.18434045091271
3.03006400093953,2.28004830955477,3.41704957736758,"Invisible",2.18434045091271
3.44201192710953,2.44987658163158,4.34615473143783,"Visible",2.18434045091271
3.14486730276617,2.32833879703166,3.66542186042317,"Invisible",2.18434045091271
3.28254789061443,2.3852489199126,3.97406354063393,"Visible",2.18434045091271
3.55013486879547,1.81864287627092,4.60733178715737,"Visible",2.18434045091271
4.41621968197137,2.8193256325053,6.95550052715458,"Visible",2.18434045091271
2.93931791941921,1.57865464111273,3.22653019567765,"Invisible",2.18434045091271
3.19072487256328,1.67881378275977,3.7669190837017,"Invisible",2.18434045091271
3.1603115206513,2.33477606303972,3.6994592432051,"Invisible",2.18434045091271
2.91294061187552,2.22995165633851,3.17211606901296,"Invisible",2.18434045091271
2.91949464569463,2.23277793960831,3.18559586315759,"Invisible",2.18434045091271
3.29277227478521,2.38943320431951,3.99745106945438,"Invisible",2.18434045091271
3.27155411915867,2.38074341607489,3.94898807071921,"Invisible",2.18434045091271
2.96635655774807,2.25290599859041,3.28275983482988,"Invisible",2.18434045091271
2.86757964314818,2.21031413442974,3.07955826335778,"Invisible",2.18434045091271
2.89530547812383,2.22233307989979,3.13597901919648,"Invisible",2.18434045091271
3.62023550085002,1.84549309550275,4.78048626193772,"Invisible",2.18434045091271
4.84939881319988,2.29755675328137,8.29855376725698,"Visible",2.18434045091271
4.02335311318457,1.99746618405137,5.83423627759797,"Invisible",2.18434045091271
3.37760077391558,2.42393270051276,4.19397496902853,"Visible",2.18434045091271
3.02378956790247,1.61253858942481,3.40371131872752,"Invisible",2.18434045091271
3.78860978543384,1.90945955558663,5.20862533894129,"Invisible",2.18434045091271
3.09995461991859,1.64288771842368,3.56727996018616,"Invisible",2.18434045091271
4.06561629303549,2.01317249143376,5.95040774072433,"Invisible",2.18434045091271
3.09544984751982,1.64109796037913,3.55750536216012,"Invisible",2.18434045091271
5.66462392970156,2.58135070753832,11.1257467079595,"Visible",2.18434045091271
3.96936514923802,2.65481800552506,5.68740318440347,"Visible",2.18434045091271
3.24132447239533,1.69872933662988,3.88042262379397,"Invisible",2.18434045091271
5.13983494534548,3.07103223888338,9.26115573993553,"Visible",2.18434045091271
3.15192694102382,2.3312830151292,3.68096219048688,"Invisible",2.18434045091271
3.29134394493818,2.38884900766891,3.9941799939972,"Invisible",2.18434045091271
2.92961524822796,2.23713679399611,3.2064638441271,"Invisible",2.18434045091271
3.4829864815141,2.46627036205509,4.44428804618794,"Visible",2.18434045091271
2.89775247552692,2.22339141801542,3.14098165753961,"Invisible",2.18434045091271
3.3619118453413,2.41758081418588,4.15729411873057,"Visible",2.18434045091271
3.13852618645804,1.65818576212916,3.65148955419976,"Invisible",2.18434045091271
4.11459056502675,2.03132179854156,6.0863720324548,"Invisible",2.18434045091271
2.89125933498611,2.22058224681796,3.12771531190295,"Invisible",2.18434045091271
3.16583820061709,2.33707628779586,3.71167536627826,"Invisible",2.18434045091271
8.16470744280937,3.39507815452702,22.1765685797091,"Visible",2.18434045091271
2.91727137883605,2.23181951518971,3.18102022104353,"Invisible",2.18434045091271
3.41106250214364,2.43743729084536,4.27271450630781,"Visible",2.18434045091271
5.83495392035614,3.29861070121916,11.7653620704087,"Visible",2.18434045091271
3.72656255241102,1.88597194687111,5.04884526243179,"Visible",2.18434045091271
3.24440141063384,1.69993787012403,3.88737578314612,"Invisible",2.18434045091271
3.16202071719518,1.66748094583682,3.70323521393822,"Invisible",2.18434045091271
3.5232957270739,1.80832777898299,4.54183217438383,"Visible",2.18434045091271
3.36369691655405,1.7465756747877,4.1614599947233,"Visible",2.18434045091271
4.20425473561991,2.06441087965099,6.33903856169949,"Invisible",2.18434045091271
3.33759351064777,2.40770956565,4.10073705447888,"Invisible",2.18434045091271
2.83695613776142,1.53726552634826,3.0178007486173,"Invisible",2.18434045091271
2.89743205463417,2.22325285664069,3.14032637623482,"Invisible",2.18434045091271
2.94406437942382,1.58056498900276,3.23636790426794,"Invisible",2.18434045091271
3.48209915461916,1.79245629326677,4.44215200744926,"Invisible",2.18434045091271
4.95881415086971,3.00959922106936,8.65536324760697,"Invisible",2.18434045091271
2.91780595580614,1.56998682761154,3.18212013638379,"Invisible",2.18434045091271
3.46983942827397,1.7877240202385,4.41268889725735,"Invisible",2.18434045091271
3.65537972320937,2.53434077115385,4.86842454668847,"Visible",2.18434045091271
2.99261357229946,2.26412321742309,3.33780077419607,"Invisible",2.18434045091271
3.48594748731233,2.46745178078539,4.45141949005179,"Invisible",2.18434045091271
3.38661092859842,2.42757476954868,4.21510923797041,"Visible",2.18434045091271
2.84684736239065,1.54128109247984,3.03768379463417,"Invisible",2.18434045091271
2.9680252421497,2.25362016079928,3.28624499228971,"Invisible",2.18434045091271
3.19781833923464,2.3503522805286,3.78273547678845,"Visible",2.18434045091271
2.89115312241881,1.55922536594507,3.12749852495509,"Invisible",2.18434045091271
3.19723814630052,2.35011194109059,3.78144064363671,"Invisible",2.18434045091271
3.04155517187175,1.61963452215987,3.44154119411752,"Invisible",2.18434045091271
3.55352674896457,2.49429739642729,4.61564087216659,"Visible",2.18434045091271
3.14876984507243,1.66224061459447,3.67400867869584,"Invisible",2.18434045091271
3.56973350217469,1.82616288838954,4.65543965336538,"Invisible",2.18434045091271
4.85839387518787,2.30075028721216,8.32762074071081,"Visible",2.18434045091271
3.09968719072222,1.64278148628998,3.56669933189258,"Visible",2.18434045091271
3.13077028101687,2.32245099820873,3.63448266930116,"Invisible",2.18434045091271
3.63975749364741,2.52823082447958,4.82924140978999,"Invisible",2.18434045091271
2.97205263495,1.59181402767154,3.29466362710282,"Invisible",2.18434045091271
3.31121097720486,2.39696485578825,4.03979124904565,"Invisible",2.18434045091271
3.08186168485123,1.63569538991348,3.52809770746435,"Invisible",2.18434045091271
2.84905304188071,1.54217606106642,3.04212595345847,"Invisible",2.18434045091271
2.98914692798791,1.59867150896775,3.33050922097055,"Invisible",2.18434045091271
3.07786570405986,2.3002508261217,3.51947139436511,"Invisible",2.18434045091271
3.34395383905665,1.73888622715088,4.11549408355521,"Visible",2.18434045091271
4.74240715641032,2.93485760872746,7.95648335146985,"Visible",2.18434045091271
3.34709347630265,2.41156949603549,4.12278775281313,"Invisible",2.18434045091271
3.08881311430029,2.30485823264754,3.54312773595406,"Invisible",2.18434045091271
2.91309125045325,2.23001664706055,3.17242558831297,"Invisible",2.18434045091271
3.01766409488864,2.27478504398881,3.39071337594024,"Invisible",2.18434045091271
4.53260917969803,2.18411386025075,7.30541048852868,"Invisible",2.18434045091271
3.92285506479249,2.63724150861279,5.56231940170803,"Visible",2.18434045091271
2.84862159870023,2.20206674794765,3.04125680245934,"Invisible",2.18434045091271
3.39910558720259,2.43261834801108,4.24449938963982,"Invisible",2.18434045091271
2.89319878493866,2.22142161224558,3.13167510072293,"Invisible",2.18434045091271
3.07468099679588,1.63283798345469,3.51260352351595,"Invisible",2.18434045091271
2.99396580407917,2.26469973689461,3.34064701761799,"Invisible",2.18434045091271
3.47758870313663,2.46411556123007,4.43130157842575,"Invisible",2.18434045091271
3.72099875615618,2.55988122182156,5.03463207834211,"Invisible",2.18434045091271
3.72396652102848,1.88498710955604,5.04221113906346,"Invisible",2.18434045091271
2.97169123922506,1.59166894508085,3.29390777241677,"Invisible",2.18434045091271
3.06796701210221,1.63016477958757,3.49814537049475,"Invisible",2.18434045091271
2.83689628463719,1.5372412169569,3.01768062045506,"Invisible",2.18434045091271
3.00822722039492,1.60631409708041,3.37073455684818,"Invisible",2.18434045091271
5.35020672925354,3.14125170892719,9.98931562937778,"Visible",2.18434045091271
3.31857188722353,1.72898384457187,4.05675240859942,"Visible",2.18434045091271
3.37283444855035,1.75013069195115,4.1828152439425,"Invisible",2.18434045091271
3.30907284008734,1.72527306263522,4.03487076997038,"Invisible",2.18434045091271
2.87421438029444,1.55237319614347,3.09301581512577,"Invisible",2.18434045091271
4.33176686584361,2.78881226367064,6.70666343652276,"Visible",2.18434045091271
3.88310748753796,1.94504700968029,5.45645933034771,"Invisible",2.18434045091271
3.43035244433256,2.44519611905915,4.31841876130201,"Invisible",2.18434045091271
3.24404783889153,2.3694416621052,3.88657649635448,"Invisible",2.18434045091271
4.2892807281724,2.77336361259561,6.58309165247987,"Visible",2.18434045091271
4.8987430144861,2.31505735087385,8.45859394204791,"Visible",2.18434045091271
3.79611365587651,1.91229354427298,5.22810735537616,"Invisible",2.18434045091271
6.35785788326691,2.81467540652804,13.8335116054887,"Visible",2.18434045091271
3.47235409881998,1.78869502784626,4.418724750717,"Visible",2.18434045091271
2.84181084484854,2.1990979959563,3.02755186814922,"Invisible",2.18434045091271
3.0066257709005,1.60567310614704,3.36734963405983,"Invisible",2.18434045091271
3.00110567354787,1.60346299425108,3.35569426604153,"Invisible",2.18434045091271
2.84050615877205,1.53870714040292,3.02492983507611,"Invisible",2.18434045091271
3.80291709433458,2.59149148602549,5.24580041076999,"Visible",2.18434045091271
3.88829234246552,2.62412103506561,5.47021397197613,"Invisible",2.18434045091271
4.22404312899256,2.07168954798968,6.39545092396646,"Invisible",2.18434045091271
4.42290112871225,2.82172876670468,6.97536895864969,"Invisible",2.18434045091271
4.13647337702912,2.03941380768824,6.14759041393839,"Visible",2.18434045091271
5.68438473031623,3.25036539245449,11.1990895776098,"Visible",2.18434045091271
2.96847274338659,2.25381165221941,3.28717992369883,"Invisible",2.18434045091271
3.48582868806542,2.46740438922704,4.45113326414638,"Invisible",2.18434045091271
2.85011923224541,1.54260861241605,3.0442743161214,"Invisible",2.18434045091271
3.51827282398101,2.48032097473973,4.52962300023301,"Invisible",2.18434045091271
3.91142445633928,1.95566865263947,5.53177823588659,"Invisible",2.18434045091271
4.95213796589444,3.00731497395607,8.63338967803044,"Invisible",2.18434045091271
5.03669404801802,2.36375133910954,8.91363030000831,"Visible",2.18434045091271
3.72394972234659,2.56102516809591,5.04216822360788,"Invisible",2.18434045091271
3.52748946932181,1.8099408553442,4.55203773783833,"Invisible",2.18434045091271
3.12721430179769,1.65370420932464,3.62669771689085,"Invisible",2.18434045091271
3.55121749362215,2.4933837494132,4.60998312742053,"Invisible",2.18434045091271
4.85189353207056,2.29844260662773,8.30661050639717,"Invisible",2.18434045091271
3.16901417187569,1.67024443383517,3.71870406768403,"Invisible",2.18434045091271
3.13351034946173,1.65619908333422,3.64048673501296,"Invisible",2.18434045091271
3.83891363032466,2.60528757480063,5.33988056166288,"Visible",2.18434045091271
3.41830517707429,1.76778568107551,4.28984800150019,"Invisible",2.18434045091271
3.25398606135487,2.37352987712592,3.90907233935603,"Invisible",2.18434045091271
5.70042899347147,3.25553261936199,11.2588049685739,"Visible",2.18434045091271
6.04870563988537,2.71145366869062,12.5917608140766,"Visible",2.18434045091271
5.07108616611111,3.04781394400495,9.0288176183398,"Visible",2.18434045091271
3.93305776550283,2.64110493630319,5.58964649435571,"Invisible",2.18434045091271
2.85179183695761,1.54328710323249,3.04764603370991,"Invisible",2.18434045091271
2.94369230771515,2.24318874745738,3.23559622465853,"Invisible",2.18434045091271
3.34918790081259,1.74092587174779,4.12765667074637,"Invisible",2.18434045091271
6.54578336459827,2.8768054956022,14.6151035117252,"Visible",2.18434045091271
3.11505220385495,2.31587248611249,3.60013107389021,"Invisible",2.18434045091271
2.83010162912665,2.19398677647806,3.004058024048,"Invisible",2.18434045091271
3.14649585535893,2.32901823969153,3.6690040392641,"Invisible",2.18434045091271
5.42969237007561,2.50068355939159,10.2711720029837,"Visible",2.18434045091271
4.2894288230548,2.77341757799055,6.58352051319012,"Visible",2.18434045091271
2.94524682570954,1.58104077809496,3.23882088122032,"Invisible",2.18434045091271
3.60305406891622,1.83892433596238,4.73776897022993,"Invisible",2.18434045091271
4.0762648052883,2.69487875758359,5.97984771449368,"Visible",2.18434045091271
4.86742094776622,2.97821151357239,8.35683917243002,"Visible",2.18434045091271
2.95545703668787,2.24823691061266,3.26003822628163,"Invisible",2.18434045091271
2.98544470778588,2.26106489516024,3.32273044657438,"Invisible",2.18434045091271
2.9450399247922,1.58095752939538,3.23839160359503,"Invisible",2.18434045091271
3.50277427224267,2.47415724093655,4.49204803884705,"Invisible",2.18434045091271
3.06764637385279,2.29594338609889,3.49745559700178,"Invisible",2.18434045091271
4.15743144170087,2.72499060247794,6.20649164540686,"Invisible",2.18434045091271
3.29506641431828,1.71979661117152,4.00270760443268,"Invisible",2.18434045091271
3.06250533025366,2.29377407257305,3.48640465054517,"Invisible",2.18434045091271
3.07935561913833,1.63469834246419,3.52268658422022,"Invisible",2.18434045091271
3.98109070584203,1.98171878572221,5.71914406454533,"Invisible",2.18434045091271
4.33510271282512,2.11238307723312,6.71641153596956,"Visible",2.18434045091271
9.81933510137601,4.42308721646725,31.4126544969914,"Visible",2.18434045091271
5.98397945739272,2.68967688191077,12.3387367681768,"Invisible",2.18434045091271
3.32238265922562,1.73047176630624,4.06554638768266,"Invisible",2.18434045091271
2.83705661192159,2.1970238240415,3.01800241024847,"Visible",2.18434045091271
3.31279909841821,1.72672903489214,4.04344780475445,"Invisible",2.18434045091271
4.43442748658519,2.82587076237898,7.00970717079863,"Visible",2.18434045091271
4.31857090526688,2.10634232302079,6.66816709137639,"Visible",2.18434045091271
3.48832317886118,1.79485717854358,4.45714511736722,"Invisible",2.18434045091271
3.45057522281281,1.78027953623427,4.36657853628974,"Visible",2.18434045091271
4.06018963060284,2.6888841183481,5.93543090187507,"Invisible",2.18434045091271
3.3394327611087,2.40845724529099,4.10500186347587,"Visible",2.18434045091271
3.11799762753045,2.31710634004731,3.60655657379277,"Invisible",2.18434045091271
3.50219379006413,2.47392615368824,4.49064356599482,"Invisible",2.18434045091271
4.32673798916998,2.10932731366914,6.69198049963956,"Visible",2.18434045091271
3.44831755652522,2.45240496558369,4.3611895430263,"Invisible",2.18434045091271
8.66483088955653,4.12202545017651,24.8090603961326,"Invisible",2.18434045091271
3.05680581406267,2.29136724761856,3.47417245223946,"Invisible",2.18434045091271
3.50839445412364,2.47639374551492,4.50565670568405,"Invisible",2.18434045091271
4.27666659314318,2.09100438308794,6.54661119295436,"Invisible",2.18434045091271
2.86102985473761,2.20746745436274,3.06630007321679,"Invisible",2.18434045091271
3.48093990650634,2.46545353804237,4.43936210706607,"Invisible",2.18434045091271
2.9687384868381,1.59048339475163,3.28773518109272,"Invisible",2.18434045091271
3.36229046026261,1.74602826900447,4.15817754024436,"Visible",2.18434045091271
2.96876041006597,2.25393474176538,3.28778099052783,"Invisible",2.18434045091271
3.20174213039319,1.68315677405155,3.79149778255218,"Invisible",2.18434045091271
4.37887472741454,2.12834967761346,6.84493956371331,"Invisible",2.18434045091271
4.65397306282562,2.90388743459082,7.67885881765143,"Visible",2.18434045091271
6.83857912178904,2.97272531011428,15.8729982097102,"Visible",2.18434045091271
2.99050088824046,1.5992142380601,3.33335617619445,"Invisible",2.18434045091271
4.44879252069616,2.15377078496864,7.05261300859861,"Visible",2.18434045091271
3.56643140511198,2.49939830610362,4.64731769607205,"Visible",2.18434045091271
4.17939224820448,2.73309358351252,6.26849415772821,"Visible",2.18434045091271
3.83393200533707,1.92655513047264,5.32681378720434,"Visible",2.18434045091271
6.00992570821123,3.35399761006786,12.4398745351446,"Visible",2.18434045091271
3.97930167119826,2.65856141491722,5.71429581127146,"Invisible",2.18434045091271
6.48999986023623,3.50245520264677,14.3809905241063,"Visible",2.18434045091271
6.13431047094941,2.74016556982321,12.9301073626206,"Invisible",2.18434045091271
3.21119221169913,1.68687900441335,3.81264007417573,"Invisible",2.18434045091271
3.23855336413883,2.36717909327504,3.87416557593834,"Invisible",2.18434045091271
9.41367233838526,3.7773275581788,29.0090116710098,"Visible",2.18434045091271
2.95829285707894,2.24945242886305,3.26594276013632,"Invisible",2.18434045091271
2.96588737401408,2.25270516613643,3.28178022670699,"Invisible",2.18434045091271
2.92291863127266,2.23425335707273,3.19264871602437,"Invisible",2.18434045091271
2.9467259184919,1.58163586354251,3.24189047901973,"Invisible",2.18434045091271
2.93922654843727,2.24127021654677,3.2263409545148,"Invisible",2.18434045091271
3.15608884639185,1.6651357463087,3.69013823955109,"Invisible",2.18434045091271
3.07202220094778,2.29778855940559,3.50687461831413,"Invisible",2.18434045091271
2.92775403063056,2.23633567770636,3.20262133700048,"Invisible",2.18434045091271
3.30166125786903,1.722375891121,4.0178363711368,"Invisible",2.18434045091271
3.40698049501759,1.76339415928729,4.26307218556112,"Invisible",2.18434045091271
3.31357051397964,2.39792733263274,4.04522450476779,"Invisible",2.18434045091271
2.88800586934499,1.55795298094781,3.12107797638715,"Visible",2.18434045091271
4.60514034898443,2.88667583419963,7.52754389266616,"Invisible",2.18434045091271
3.53985596454242,2.48888482778929,4.58219454522501,"Invisible",2.18434045091271
2.84590327547132,2.20088222489993,3.03578337010275,"Invisible",2.18434045091271
2.98886216929024,1.59855735684337,3.32991060794717,"Invisible",2.18434045091271
3.204276672264,2.35302630019536,3.79716278969183,"Invisible",2.18434045091271
3.32921231866816,1.73313734825443,4.08132933411938,"Invisible",2.18434045091271
3.29370493315996,2.38981460827398,3.99958766699246,"Visible",2.18434045091271
3.22026689730031,1.69045079113846,3.83299450697215,"Invisible",2.18434045091271
3.12138696852451,1.65139394693881,3.61395715156489,"Invisible",2.18434045091271
2.98638814788024,2.26146756084303,3.32471190692341,"Invisible",2.18434045091271
3.50261349048697,1.800365537607,4.49165900776695,"Visible",2.18434045091271
3.44028648008492,2.4491843726683,4.34204491873506,"Visible",2.18434045091271
2.99340399396648,2.26446022484408,3.33946435382745,"Invisible",2.18434045091271
5.77523427146883,3.27954113859002,11.5391930441338,"Visible",2.18434045091271
4.48307974563121,2.84330241017694,7.15552015156211,"Visible",2.18434045091271
4.37164325039296,2.12571463774637,6.82362678422022,"Visible",2.18434045091271
3.02562652471828,1.61327278930813,3.40761380331463,"Invisible",2.18434045091271
4.03659001730039,2.0023898527573,5.87050559790829,"Invisible",2.18434045091271
3.12405171413772,1.65245052663289,3.61978059189121,"Invisible",2.18434045091271
5.70968734933873,3.25851148418165,11.2933316929793,"Visible",2.18434045091271
5.8899093524028,2.65792194179974,11.9753101177735,"Visible",2.18434045091271
3.17352207567322,2.34027143522015,3.72869118216104,"Invisible",2.18434045091271
3.02524926386229,2.27800576407949,3.40681216786385,"Invisible",2.18434045091271
6.30105107412649,3.44461664366566,13.6012263714847,"Visible",2.18434045091271
4.88562095229091,2.31040775869524,8.41589436546107,"Invisible",2.18434045091271
3.49471516753021,2.4709474525083,4.47256754972616,"Invisible",2.18434045091271
3.07227445119035,1.63187997452997,3.50741795299066,"Invisible",2.18434045091271
3.32096648762494,2.40094228215955,4.06227729532261,"Invisible",2.18434045091271
3.06626469292981,1.62948676062325,3.49448398526673,"Invisible",2.18434045091271
3.13746038604131,1.65776368518549,3.64915029188679,"Invisible",2.18434045091271
3.02309967019676,2.27709338856504,3.40224622284412,"Visible",2.18434045091271
3.62126630219147,1.84588694014202,4.78305481878837,"Invisible",2.18434045091271
3.50284496097703,1.80045471409369,4.49221908387855,"Invisible",2.18434045091271
4.97516014716306,3.01518632130004,8.70927422579062,"Visible",2.18434045091271
3.16779274753851,2.33788935794805,3.71600020949593,"Invisible",2.18434045091271
3.74930495716363,2.57083790806004,5.10713840694113,"Visible",2.18434045091271
4.11735787569133,2.71015617200703,6.09409783145868,"Visible",2.18434045091271
2.90898615686026,1.56642844442915,3.16399586946606,"Invisible",2.18434045091271
3.20061317445842,2.35150974806926,3.78897570944575,"Visible",2.18434045091271
3.62221868258835,1.84625079705039,4.78542854220122,"Invisible",2.18434045091271
3.06360717187242,1.6284281045153,3.48877173371256,"Invisible",2.18434045091271
2.94642028739588,1.58151290469399,3.24125608323,"Invisible",2.18434045091271
3.42387321094763,1.7699435345548,4.30304182300123,"Invisible",2.18434045091271
2.9388485674638,1.5784656951,3.2255581622879,"Invisible",2.18434045091271
6.05700201008699,3.36877889004368,12.6243670221195,"Visible",2.18434045091271
4.14957052031745,2.04425184854515,6.1843681176173,"Visible",2.18434045091271
2.93806436186844,1.57814998226589,3.22393437047123,"Invisible",2.18434045091271
3.58688092728589,1.83273389135876,4.69772323779252,"Invisible",2.18434045091271
2.83584598307504,1.53681461527981,3.01557297936295,"Invisible",2.18434045091271
4.95347491188545,3.00777251567657,8.63778791460343,"Visible",2.18434045091271
3.43916114784342,2.44873283407682,4.33936549375789,"Invisible",2.18434045091271
3.94060960557613,1.96659581358077,5.60991400875595,"Invisible",2.18434045091271
3.03249320432324,1.61601629448508,3.42222018797665,"Invisible",2.18434045091271
3.38235714577848,1.75383299422736,4.2051253196178,"Invisible",2.18434045091271
3.75786826403954,1.89783467812155,5.12916929741241,"Visible",2.18434045091271
3.0774619647663,1.63394481030679,3.51860037529829,"Invisible",2.18434045091271
3.32585001383731,2.40293143295476,4.07355565100552,"Invisible",2.18434045091271
6.09730486396537,2.72776626786605,12.7833281474321,"Invisible",2.18434045091271
3.30885870982123,2.39600504621256,4.03437814884893,"Visible",2.18434045091271
4.13102383849402,2.03739963648294,6.13231810251315,"Visible",2.18434045091271
2.90263648847958,1.56386497225972,3.15097773166546,"Visible",2.18434045091271
5.4525008682149,2.50855296479892,10.3527313279513,"Visible",2.18434045091271
3.85092163841954,1.93295056771534,5.3714393377621,"Visible",2.18434045091271
3.69370502048758,1.87349430108698,4.96518081362379,"Invisible",2.18434045091271
4.22406079573133,2.07169604243908,6.39550139290258,"Invisible",2.18434045091271
4.58901930082704,2.88097633314719,7.47790145318562,"Visible",2.18434045091271
4.96107438031491,3.01037225118462,8.66280837076986,"Visible",2.18434045091271
4.65309919087744,2.22748846295365,7.67613856910461,"Visible",2.18434045091271
3.53423598473972,2.48665710705967,4.56847811903156,"Visible",2.18434045091271
2.9246043470554,2.23497946577597,3.19612370902259,"Invisible",2.18434045091271
3.28603387990344,2.38667618394908,3.98203023868755,"Visible",2.18434045091271
3.05510592252447,1.62503998138773,3.47052808810994,"Invisible",2.18434045091271
2.87449887094697,2.21331830037097,3.093593477624,"Invisible",2.18434045091271
3.70452471443726,2.55348774724362,4.99265821148712,"Invisible",2.18434045091271
4.78600871556892,2.27500896848508,8.09506786285114,"Visible",2.18434045091271
3.13423502956197,2.3238991646619,3.64207544021256,"Invisible",2.18434045091271
2.86860620518646,2.21076004321605,3.08163868420303,"Visible",2.18434045091271
3.0225102442069,1.61202719986581,3.40099472778429,"Visible",2.18434045091271
3.44476775183081,1.77803324952237,4.35272257316744,"Invisible",2.18434045091271
4.40368879551363,2.81481433170178,6.91830961366998,"Visible",2.18434045091271
3.55642614873426,1.82105797621155,4.6227491064969,"Visible",2.18434045091271
5.54791201556197,2.54138294473603,10.697189789077,"Visible",2.18434045091271
2.87643851465461,1.5532734930703,3.0975333042286,"Invisible",2.18434045091271
3.98431886792094,2.660450005294,5.72789721792196,"Invisible",2.18434045091271
3.48725597225938,2.46797371676549,4.45457262688399,"Invisible",2.18434045091271
3.38777018777269,1.75593635137995,4.21783202774462,"Visible",2.18434045091271
4.01789537923087,1.99543491567519,5.81931276535053,"Invisible",2.18434045091271
3.28336195852309,2.38558228184909,3.97592329785487,"Visible",2.18434045091271
3.10775105300727,1.64598372363245,3.5842266910078,"Invisible",2.18434045091271
3.23158390544545,2.36430672943988,3.8584498059786,"Invisible",2.18434045091271
3.51484731818719,2.47895968171621,4.52130548038649,"Visible",2.18434045091271
3.23768471996144,2.36682124112468,3.87220519030888,"Invisible",2.18434045091271
3.33607152598606,1.73581308441895,4.09720948916094,"Invisible",2.18434045091271
3.68555896108632,2.54611186946839,4.94454034093695,"Invisible",2.18434045091271
2.9165202357493,2.23149563412688,3.17947501350429,"Invisible",2.18434045091271
2.99715385323606,2.26605850132973,3.3473618918686,"Invisible",2.18434045091271
2.86534755891079,2.20934434126667,3.07503702162627,"Invisible",2.18434045091271
3.56078224332027,2.49716631712962,4.63343827069245,"Invisible",2.18434045091271
4.59726785218548,2.88389364932981,7.50328238901524,"Invisible",2.18434045091271
2.97199135957699,2.25531687370367,3.29453546468001,"Invisible",2.18434045091271
3.09357992404485,1.64035484324274,3.55345164529828,"Visible",2.18434045091271
3.79212203393176,1.91078620223586,5.21773980188306,"Invisible",2.18434045091271
2.90587349931433,1.5651719854525,3.15761112350669,"Invisible",2.18434045091271
3.83550221120225,2.6039825376143,5.33093080450263,"Visible",2.18434045091271
3.56424650035575,2.49853523134636,4.64194728984513,"Invisible",2.18434045091271
3.55675532140931,1.82118430972282,4.62355643866748,"Invisible",2.18434045091271
3.50939044395693,1.80297582102651,4.50807040619022,"Invisible",2.18434045091271
2.92073787027803,1.57116912332108,3.18815585574039,"Invisible",2.18434045091271
2.96193368337384,2.25101225167396,3.27353077915286,"Invisible",2.18434045091271
3.35726468525716,1.74407172206668,4.14645809577767,"Invisible",2.18434045091271
4.812683264881,2.2845061344993,8.1804053653039,"Invisible",2.18434045091271
2.90284617371661,1.56394964826752,3.15140722712735,"Invisible",2.18434045091271
3.50408374084522,2.47467847291371,4.49521704762276,"Invisible",2.18434045091271
3.70779956862204,1.87885009568106,5.00098899076879,"Invisible",2.18434045091271
2.86312936915609,2.20838025828044,3.07054701725823,"Invisible",2.18434045091271
3.09991453836046,2.30952318666986,3.5671929343721,"Invisible",2.18434045091271
3.47429861431284,2.46280143705285,4.42339474448847,"Invisible",2.18434045091271
2.97380361838726,2.25609183267628,3.29832694143668,"Invisible",2.18434045091271
4.35705261110414,2.79797519028875,6.78072002146452,"Visible",2.18434045091271
8.23090121238872,3.41568808016301,22.5170182120467,"Visible",2.18434045091271
3.97806689593265,1.98059048307426,5.71095071863999,"Visible",2.18434045091271
4.57917809098145,2.87749273598476,7.44767276581496,"Invisible",2.18434045091271
3.25541353298913,1.7042607678235,3.91230853002873,"Invisible",2.18434045091271
3.270226054285,2.38019869712048,3.94596396510208,"Invisible",2.18434045091271
3.90112002606685,2.62899651270581,5.5043138253651,"Visible",2.18434045091271
3.73836177928737,1.89044596970428,5.07904968478479,"Visible",2.18434045091271
2.88286885894222,1.55587542192605,3.1106115495281,"Invisible",2.18434045091271
3.04376489189261,2.28585287224178,3.44626028703155,"Invisible",2.18434045091271
3.88712774205476,1.94655617840272,5.46712304465476,"Invisible",2.18434045091271
3.61999990856017,1.84540307735738,4.77989930272481,"Invisible",2.18434045091271
2.98435626318258,1.59675069714107,3.32044513022291,"Invisible",2.18434045091271
2.9025111202736,1.56381434479164,3.15072095479117,"Invisible",2.18434045091271
6.63719204573104,2.90686420849526,15.0025673863767,"Visible",2.18434045091271
3.52310970958765,2.48224216425671,4.54137974612823,"Invisible",2.18434045091271
2.86537731502736,2.20935727183479,3.07509727417494,"Invisible",2.18434045091271
3.35623308320352,2.41527849903475,4.14405445893563,"Invisible",2.18434045091271
2.92225461626264,2.23396728770281,3.1912803802257,"Invisible",2.18434045091271
3.00716448966092,1.60588874149758,3.36848812497094,"Invisible",2.18434045091271
3.30523418302265,2.39452552597745,4.02604396972869,"Invisible",2.18434045091271
5.79867195539562,2.62700165533402,11.6277097658727,"Visible",2.18434045091271
3.63872789547114,1.85255434052803,4.82666423492907,"Visible",2.18434045091271
2.9057821615801,2.22686155893678,3.15742386125089,"Invisible",2.18434045091271
2.95773670917075,2.24921408717437,3.26478439456966,"Invisible",2.18434045091271
4.60408702010635,2.88630370216851,7.52429560487609,"Visible",2.18434045091271
5.15051976342422,2.40367837150996,9.29751435813718,"Invisible",2.18434045091271
2.91551191732682,2.23106080587277,3.17740131471509,"Invisible",2.18434045091271
11.371898494161,4.80456735976281,41.4370988842224,"Visible",2.18434045091271
3.13782201217238,2.32539768561124,3.64994392472466,"Invisible",2.18434045091271
3.05860427847944,2.29212692499755,3.47803010185838,"Visible",2.18434045091271
3.03243120448388,1.61599153010723,3.42208817431712,"Invisible",2.18434045091271
3.38032533874349,2.42503446610355,4.20036045707091,"Invisible",2.18434045091271
3.36607299239952,1.74750033524596,4.16700815881349,"Visible",2.18434045091271
5.24285470842545,2.43590481146707,9.61450192964204,"Visible",2.18434045091271
3.70985915812243,1.87963229276325,5.00623164719928,"Invisible",2.18434045091271
4.15872876580397,2.72546980055823,6.21014636264001,"Visible",2.18434045091271
2.8607755442007,2.20735686816225,3.06578583584926,"Invisible",2.18434045091271
2.92120031461589,2.23351301768448,3.1891083471046,"Invisible",2.18434045091271
3.60871042953483,1.84108772528038,4.75181218378521,"Invisible",2.18434045091271
3.33323951274161,1.73470849999359,4.09064941541452,"Invisible",2.18434045091271
2.88168295341245,1.55539567494488,3.1081976683107,"Invisible",2.18434045091271
3.7310024484688,2.56375756599602,5.06020085841634,"Invisible",2.18434045091271
6.08351051305153,2.72313943825779,12.7288157202542,"Visible",2.18434045091271
2.85835037719424,1.54594660913257,3.06088398004407,"Invisible",2.18434045091271
3.09964425051485,1.64276442873937,3.56660610649761,"Invisible",2.18434045091271
4.48064060010808,2.16531706402228,7.14817633530708,"Visible",2.18434045091271
3.43194994125146,1.77307205482031,4.32221400647038,"Invisible",2.18434045091271
4.7140200654843,2.2493117579865,7.86686170998052,"Visible",2.18434045091271
5.07063571294136,3.0476613625451,9.0273044523807,"Visible",2.18434045091271
3.57494035598976,1.82815902223264,4.66826016012776,"Visible",2.18434045091271
3.73572483512531,2.56558587378907,5.07229211806283,"Invisible",2.18434045091271
3.069253304255,2.29662112053668,3.5009131509936,"Invisible",2.18434045091271
5.85668354155313,2.64667572440011,11.8481678363695,"Visible",2.18434045091271
3.30869808673471,2.39593949536499,4.03400864315969,"Invisible",2.18434045091271
4.88571206634756,2.98451379084711,8.41619050310092,"Invisible",2.18434045091271
3.1171377276548,1.64970864256358,3.60468012863984,"Invisible",2.18434045091271
2.87270001335374,2.21253758258439,3.08994172383163,"Invisible",2.18434045091271
3.61625262349313,1.84397106890546,4.77056779839776,"Invisible",2.18434045091271
4.2460968943636,2.75759267731788,6.45859807024814,"Visible",2.18434045091271
6.08928387743895,2.72507622959479,12.7516175415624,"Visible",2.18434045091271
8.09884067211768,3.96804660322023,21.8402216294525,"Visible",2.18434045091271
2.90027634364973,2.22448259456299,3.14614537634558,"Invisible",2.18434045091271
3.7798822446751,1.90616165384078,5.18600935970359,"Invisible",2.18434045091271
3.55211836808596,1.81940441867026,4.61218990883716,"Invisible",2.18434045091271
2.96812042347384,1.59023520070019,3.28644383716155,"Invisible",2.18434045091271
2.98060772519518,1.5952471863265,3.31258029304346,"Invisible",2.18434045091271
3.00362009778274,2.26881251537205,3.36100097273021,"Invisible",2.18434045091271
2.98922929026381,2.26267984162426,3.33068237043504,"Invisible",2.18434045091271
3.08520745008251,2.30334151487282,3.53532800300919,"Invisible",2.18434045091271
3.01347720699307,2.2730057463877,3.38184246180942,"Invisible",2.18434045091271
4.77897897500843,2.27250390521338,8.07264828206156,"Invisible",2.18434045091271
3.16760545415091,1.66968789707157,3.71558568122061,"Invisible",2.18434045091271
3.87802241151202,2.62021263274014,5.44298519719693,"Invisible",2.18434045091271
3.18629510165789,2.34557531757621,3.75705776734705,"Invisible",2.18434045091271
3.08627944487001,1.63745251762499,3.537646086366,"Invisible",2.18434045091271
4.55122322658251,2.86757939206739,7.36211939154562,"Visible",2.18434045091271
3.92243191149701,1.95979232538083,5.56118738002309,"Invisible",2.18434045091271
3.6444168958599,1.8547248525629,4.84091238716037,"Visible",2.18434045091271
3.15883865933199,2.33416275648405,3.69620683847158,"Invisible",2.18434045091271
3.55870245320859,2.49634420100911,4.62833334864525,"Visible",2.18434045091271
4.3587688169324,2.12102068661973,6.78576027465498,"Invisible",2.18434045091271
2.93970589250893,2.24147620804824,3.22733379640639,"Invisible",2.18434045091271
3.34681288349605,1.74000045794919,4.12213566263925,"Invisible",2.18434045091271
3.73298813447664,1.88840883398165,5.06528338195865,"Invisible",2.18434045091271
4.31176581873468,2.10385404931775,6.64835544171062,"Invisible",2.18434045091271
3.93814397042881,1.96567344522358,5.60329298374765,"Invisible",2.18434045091271
3.11129703780638,1.64739120935122,3.59194691499853,"Invisible",2.18434045091271
2.8810042879112,1.5551211049225,3.1068166578038,"Invisible",2.18434045091271
3.53437837241882,2.48671356762086,4.5688253994565,"Invisible",2.18434045091271
3.20856995356206,2.35480259663205,3.80676786121501,"Invisible",2.18434045091271
3.51356958257,2.47845176244202,4.51820483207641,"Invisible",2.18434045091271
2.94750682587922,1.58195001691511,3.24351166666455,"Invisible",2.18434045091271
3.20600690527615,1.68483693839677,3.80103235248293,"Invisible",2.18434045091271
4.33196301254643,2.11123626919928,6.70723643741659,"Visible",2.18434045091271
4.47052316539044,2.83881144269025,7.11775245409212,"Invisible",2.18434045091271
2.96083375742991,2.25054110361136,3.27123749876031,"Invisible",2.18434045091271
2.96466570982356,2.25218217199561,3.27923016032212,"Invisible",2.18434045091271
3.39825086085375,2.4322735883179,4.2424858294414,"Invisible",2.18434045091271
4.54842982851544,2.86658733978933,7.35359597979774,"Invisible",2.18434045091271
3.71969636537705,1.88336679788672,5.0313077320973,"Visible",2.18434045091271
3.54115839480259,1.81519512568388,4.58537608520675,"Visible",2.18434045091271
3.17265940797735,2.33991288479197,3.72677899583286,"Visible",2.18434045091271
3.230205292724,1.69435964211023,3.85534466250006,"Invisible",2.18434045091271
4.3095236932007,2.78073257322759,6.64183400967796,"Invisible",2.18434045091271
5.16022812355907,2.40707351842693,9.33060830775117,"Visible",2.18434045091271
3.14746461655542,2.32942234031921,3.67113571515955,"Invisible",2.18434045091271
4.83173459755344,2.29128107141176,8.24161200449961,"Invisible",2.18434045091271
4.65660087533248,2.22874477952445,7.68704158185545,"Visible",2.18434045091271
3.3882641214331,2.42824256092999,4.21899239687522,"Invisible",2.18434045091271
2.9932383610644,1.6003113542001,3.33911571836164,"Invisible",2.18434045091271
4.85948307913172,2.30113688879106,8.33114367645224,"Visible",2.18434045091271
3.61426167246782,1.84321008457477,4.76561341073731,"Invisible",2.18434045091271
2.89771946582319,1.56187891920274,3.14091414760645,"Invisible",2.18434045091271
3.50328148537623,2.47435914643819,4.49327540670154,"Visible",2.18434045091271
3.14381626918925,1.66028020306031,3.66311087077809,"Invisible",2.18434045091271
3.08631393455682,2.30380703830263,3.53772067878128,"Invisible",2.18434045091271
3.99196582362609,1.98577494816881,5.74865702108303,"Visible",2.18434045091271
3.82415809510219,1.92287270465813,5.30122060125498,"Invisible",2.18434045091271
3.09219555836863,1.63980461677663,3.55045194517666,"Invisible",2.18434045091271
3.29761320965128,1.72079283008327,4.00854684913052,"Invisible",2.18434045091271
3.05766342506121,1.62605950709602,3.47601174988796,"Invisible",2.18434045091271
2.83460182570344,2.19595225858851,3.01307722316758,"Invisible",2.18434045091271
3.41971506067664,1.76833215501448,4.29318701270608,"Invisible",2.18434045091271
3.96763780048097,2.65416684027052,5.68273429787617,"Visible",2.18434045091271
3.44383488722834,1.77767233602685,4.35049879411998,"Visible",2.18434045091271
3.17391161607376,1.67217876659638,3.72955478719432,"Visible",2.18434045091271
5.00846283875577,2.35381375069628,8.81959698627803,"Visible",2.18434045091271
3.68374555028766,2.54540575812033,4.93995102317336,"Invisible",2.18434045091271
3.02106790824004,1.61145058368908,3.39793320963579,"Invisible",2.18434045091271
3.51483807246386,2.47895600669051,4.52128304043549,"Visible",2.18434045091271
4.11038344127113,2.02976481913426,6.07463537742572,"Visible",2.18434045091271
3.38077637374323,1.75321859128523,4.201417975946,"Invisible",2.18434045091271
3.06808075250846,2.29612660369371,3.49839007006809,"Invisible",2.18434045091271
4.50522674518275,2.8512101143626,7.22236283076425,"Visible",2.18434045091271
2.97489104196507,2.25655673832499,3.30060295423714,"Invisible",2.18434045091271
3.00002911389803,2.26728341268487,3.35342338573984,"Invisible",2.18434045091271
2.86889614125305,2.21088597042462,3.08222638545959,"Invisible",2.18434045091271
3.02042291049524,1.61119270458079,3.39656454967562,"Invisible",2.18434045091271
2.88744147224997,1.55772476734837,3.11992723478721,"Invisible",2.18434045091271
5.43651401749456,2.50303803571939,10.2955332787738,"Visible",2.18434045091271
3.21715826714043,2.35835280394812,3.82601614359506,"Invisible",2.18434045091271
2.94637468154545,2.24434050912716,3.24116142456894,"Invisible",2.18434045091271
3.2436040819951,2.36925898964053,3.88557344568103,"Invisible",2.18434045091271
3.29243947558623,2.38929709706068,3.99668880020563,"Invisible",2.18434045091271
3.82311299408777,1.92247881218929,5.29848741134384,"Invisible",2.18434045091271
3.72047874774575,2.55967959878997,5.03330463559128,"Invisible",2.18434045091271
2.90363120242539,2.2259324027217,3.15301543523131,"Invisible",2.18434045091271
2.94627107673395,2.24429603163721,3.24094638916382,"Invisible",2.18434045091271
3.24541986668422,1.70033782733837,3.8896785438495,"Invisible",2.18434045091271
3.31032871770727,1.72576382137548,4.03776057025919,"Visible",2.18434045091271
4.17684908730991,2.05431620329412,6.26129915660856,"Visible",2.18434045091271
3.43802446784464,1.77542380679484,4.33665983885072,"Invisible",2.18434045091271
4.95221157550976,2.33397094581867,8.63363180889293,"Visible",2.18434045091271
4.17047541053625,2.72980574243989,6.24328408988021,"Visible",2.18434045091271
2.88188789416064,2.21652295793883,3.10861475715611,"Invisible",2.18434045091271
4.25840037109404,2.76209306579524,6.49395364454438,"Invisible",2.18434045091271
2.86671426322286,2.20993818436037,3.0778050056113,"Invisible",2.18434045091271
3.04159563331298,2.28493459823695,3.44162757652701,"Invisible",2.18434045091271
3.10503426227647,2.31167210033334,3.57831704881439,"Invisible",2.18434045091271
3.69740314610101,2.55072006978802,4.9745644548109,"Invisible",2.18434045091271
3.37306183060652,2.42209637083045,4.18334731172023,"Invisible",2.18434045091271
3.02374225994144,2.27736615960726,3.40361084407739,"Invisible",2.18434045091271
3.39610695470266,2.4314086626246,4.23743720158186,"Invisible",2.18434045091271
3.00978679289895,1.60693824432606,3.37403250205479,"Invisible",2.18434045091271
5.26016717552708,3.1113478926193,9.67449172555877,"Visible",2.18434045091271
3.90580818387181,1.95356353448205,5.51680121228025,"Invisible",2.18434045091271
4.61031830220891,2.88850462065617,7.54352140394907,"Invisible",2.18434045091271
3.58258996821169,2.50577406557724,4.68712536908069,"Visible",2.18434045091271
3.10813139655727,2.31297131710218,3.58505439109283,"Invisible",2.18434045091271
3.50605532581671,2.47546309897958,4.49999040719379,"Invisible",2.18434045091271
2.86040036531352,1.54677757124112,3.0650272664918,"Invisible",2.18434045091271
6.10851841086018,2.73152552587248,12.8277224397698,"Visible",2.18434045091271
4.05534555119767,2.00935934239184,5.92207689774768,"Invisible",2.18434045091271
2.96851198050662,1.5903924387127,3.28726190488713,"Invisible",2.18434045091271
3.72345686209421,1.8847937438075,5.04090919394815,"Invisible",2.18434045091271
3.3679238116655,1.74822047651032,4.17133224985365,"Invisible",2.18434045091271
2.85839013700658,1.54596272718051,3.06096431462634,"Invisible",2.18434045091271
3.80022182842899,2.59045620568396,5.23878772869097,"Invisible",2.18434045091271
3.2711313342038,1.71042457961256,3.94802523879536,"Invisible",2.18434045091271
3.64373840527603,2.52978886748411,4.8392120647669,"Invisible",2.18434045091271
3.65972388428484,1.86056068670752,4.87934686361889,"Invisible",2.18434045091271
4.02063982371107,1.99645643384864,5.82681487079747,"Invisible",2.18434045091271
3.66179737814155,1.86135074167906,4.88456420603896,"Visible",2.18434045091271
2.94476787084315,1.58084806347785,3.23782718728664,"Invisible",2.18434045091271
4.93324528449259,2.32726782426781,8.57134979548389,"Invisible",2.18434045091271
3.34902008120459,1.74086048706221,4.1272664402229,"Invisible",2.18434045091271
3.82594054589403,2.60032202360638,5.3058836661806,"Visible",2.18434045091271
3.29536042267095,1.71991162699112,4.00338149701251,"Visible",2.18434045091271
3.35111742179705,1.74167757908688,4.13214462697225,"Invisible",2.18434045091271
3.51322119312271,1.80445075449107,4.51735957778411,"Invisible",2.18434045091271
3.78137052945705,1.90672417120568,5.18986273234475,"Visible",2.18434045091271
3.1951640146229,1.6805641389157,3.77681344850871,"Invisible",2.18434045091271
2.97768028464431,2.25774888285886,3.30644430325664,"Invisible",2.18434045091271
3.74517537233399,1.89302793210383,5.0965301207547,"Invisible",2.18434045091271
2.91130011565602,2.22924379421981,3.16874623631225,"Invisible",2.18434045091271
3.38663422072272,1.7554950160981,4.21516393680614,"Invisible",2.18434045091271
3.10924452100209,2.31343812360873,3.58747727824247,"Invisible",2.18434045091271
3.08744453040311,2.30428263071173,3.54016627914929,"Invisible",2.18434045091271
2.91547424775132,2.23104455993539,3.17732385611949,"Invisible",2.18434045091271
2.92036401185053,1.57101838129876,3.18738592152762,"Invisible",2.18434045091271
2.91667599354071,2.23156279742361,3.17979540030591,"Invisible",2.18434045091271
2.97917964497545,1.59467426936765,3.30958633264478,"Invisible",2.18434045091271
3.53449245914656,2.48675880537399,4.56910366343517,"Invisible",2.18434045091271
2.9554627807165,1.58514945291482,3.2600501809943,"Invisible",2.18434045091271
3.39592469927042,1.75910337876931,4.23700814339456,"Invisible",2.18434045091271
4.08171293663812,2.69690809401179,5.99493658452696,"Invisible",2.18434045091271
2.9173302415381,1.56979496758784,3.18114132485412,"Invisible",2.18434045091271
2.97662625836055,1.59364973071449,3.30423634657924,"Invisible",2.18434045091271
3.69586898110116,2.55012353794701,4.97067064668199,"Visible",2.18434045091271
3.02566506971497,1.61328819388082,3.40769571194165,"Invisible",2.18434045091271
2.94739999794639,2.24478064011169,3.24328986611357,"Invisible",2.18434045091271
4.44605221689255,2.83004335200461,7.04441870380701,"Invisible",2.18434045091271
5.51943283859099,2.53159846970515,10.5938180345287,"Visible",2.18434045091271
3.24079821676153,1.69852260967178,3.87923399528474,"Invisible",2.18434045091271
3.63650169740372,1.85170475265266,4.82109407571503,"Invisible",2.18434045091271
2.85899227204903,2.20658129687814,3.06218104782334,"Invisible",2.18434045091271
2.95631266059179,2.24860371045312,3.26181921359617,"Invisible",2.18434045091271
2.88689113601748,1.55750222849048,3.11880535374801,"Invisible",2.18434045091271
6.23065632946345,2.77236027353374,13.3159460177583,"Invisible",2.18434045091271
3.44113521354664,2.44952488359842,4.34406627405522,"Invisible",2.18434045091271
3.04118243504502,1.61948575052287,3.4407454744209,"Invisible",2.18434045091271
3.85200080770798,2.61028938135679,5.37427983035835,"Visible",2.18434045091271
3.30389649693324,1.72324981264693,4.02297016215121,"Invisible",2.18434045091271
3.0639217231088,2.29437189187101,3.48944762177374,"Invisible",2.18434045091271
3.1566693621921,2.33325922337837,3.69141899734765,"Invisible",2.18434045091271
2.92259656801382,1.57191848997967,3.19198500580345,"Invisible",2.18434045091271
3.08085724459992,2.30151057675074,3.52592844084692,"Invisible",2.18434045091271
3.02900955674064,2.27960110618208,3.41480631436832,"Visible",2.18434045091271
3.25898364335621,2.37558363725242,3.9204077617423,"Invisible",2.18434045091271
2.9635688838266,1.58840705219984,3.27694147130146,"Invisible",2.18434045091271
2.9520880110329,1.58379257480513,3.2530300193814,"Invisible",2.18434045091271
7.34784661171923,3.75628273164089,18.1767384931061,"Visible",2.18434045091271
3.69403220878629,2.54940920065644,4.96601068695765,"Invisible",2.18434045091271
3.39941926643521,1.7604600062223,4.2452384662995,"Invisible",2.18434045091271
2.91209418628228,2.22958645161792,3.17037716985188,"Invisible",2.18434045091271
4.4982870913703,2.17170581110111,7.20138658085229,"Visible",2.18434045091271
4.42735371245709,2.14598664989026,6.988624271623,"Invisible",2.18434045091271
4.85194337623216,2.29846030470082,8.30677151644857,"Invisible",2.18434045091271
2.94690009460551,1.58170593513513,3.24225204095663,"Invisible",2.18434045091271
3.21418552604302,1.68805744888278,3.81934841963723,"Invisible",2.18434045091271
4.14707195602837,2.0433291828367,6.1773440145487,"Visible",2.18434045091271
4.08390603201983,2.01995683241863,6.00101551584151,"Invisible",2.18434045091271
3.19255922922391,1.67953714449878,3.7710061862473,"Invisible",2.18434045091271
4.97827562355413,2.34317209871247,8.71956727527672,"Invisible",2.18434045091271
4.04352064878976,2.00496619362054,5.88953776664433,"Visible",2.18434045091271
4.71822790316102,2.25081648777239,7.88011626172588,"Invisible",2.18434045091271
3.21379076431862,1.68790205001669,3.8184633980702,"Invisible",2.18434045091271
3.79125039627597,1.91045699594584,5.21547715926556,"Invisible",2.18434045091271
2.90689191923626,1.56558311911305,3.15969945980614,"Invisible",2.18434045091271
3.60997703455081,2.51655171738883,4.75495949831837,"Visible",2.18434045091271
3.96200921674855,2.6520441526893,5.66753318738198,"Visible",2.18434045091271
3.19496329797912,1.68048500938589,3.77636580963178,"Invisible",2.18434045091271
3.2700546581448,2.38012839026377,3.94557376227117,"Invisible",2.18434045091271
2.87490863577848,2.21349611158389,3.09442560031088,"Invisible",2.18434045091271
2.85565196282982,1.54485258002672,3.05543415775372,"Invisible",2.18434045091271
2.87505194735912,1.552712251467,3.09471665259602,"Invisible",2.18434045091271
3.57329996738184,1.82753023064739,4.66421934710303,"Visible",2.18434045091271
4.11135074453412,2.70792703176895,6.07733293035376,"Invisible",2.18434045091271
9.7730883333653,3.88491554419536,31.1340936784349,"Visible",2.18434045091271
3.09887666603753,1.64245950380593,3.56493983440197,"Invisible",2.18434045091271
3.5416447673409,1.81538199129514,4.58656444850969,"Visible",2.18434045091271
2.88583897852938,2.21823509225793,3.11666101913432,"Invisible",2.18434045091271
3.40815480346268,1.76384970612579,4.26584503137177,"Invisible",2.18434045091271
3.2155243754393,1.68858445445006,3.82235072179225,"Invisible",2.18434045091271
3.08161785468559,2.30183078780763,3.52757105540226,"Invisible",2.18434045091271
4.69113009545117,2.24112036337309,7.79494277891857,"Visible",2.18434045091271
4.32375236998464,2.78590314051451,6.68327046840678,"Invisible",2.18434045091271
7.33172146257849,3.13199220214739,18.1015483491381,"Visible",2.18434045091271
3.72745892605392,2.56238500112129,5.05113688541566,"Visible",2.18434045091271
2.86251025085972,2.20811111517731,3.06929436390067,"Visible",2.18434045091271
3.19006902195936,2.34714062683694,3.76545829835704,"Invisible",2.18434045091271
7.16998056846764,3.70476434325748,17.3554756031839,"Visible",2.18434045091271
3.32956761961737,2.40444482834103,4.08215120046347,"Invisible",2.18434045091271
3.5421573953482,1.81557893736953,4.58781711896219,"Invisible",2.18434045091271
3.70902043193665,2.55523373654472,5.00409636974691,"Invisible",2.18434045091271
4.15796810473826,2.72518883988254,6.20800336676874,"Visible",2.18434045091271
3.16479066990531,1.66857568521445,3.70935846013004,"Invisible",2.18434045091271
3.11112146330816,2.31422508418692,3.59156447515342,"Invisible",2.18434045091271
3.0707567886554,1.63127571969348,3.50414957920556,"Invisible",2.18434045091271
3.09717410135193,1.64178308802129,3.56124521376594,"Invisible",2.18434045091271
5.02369313278527,2.35917666134036,8.87026825903791,"Visible",2.18434045091271
4.87337841558939,2.30606699108931,8.37614838605116,"Visible",2.18434045091271
3.20042239539976,2.3514307518723,3.78854958937926,"Invisible",2.18434045091271
2.90983645000617,2.22861208624244,3.16574106199097,"Invisible",2.18434045091271
4.8200352421875,2.28712140136621,8.2039998166272,"Visible",2.18434045091271
3.07787699258764,2.30025558077359,3.51949574946505,"Invisible",2.18434045091271
3.24446293154998,1.69996203085539,3.88751486565596,"Invisible",2.18434045091271
4.03957890633358,2.68118293909864,5.87870981877308,"Invisible",2.18434045091271
8.15929567794011,3.39339131421073,22.148842458901,"Visible",2.18434045091271
3.95717186526248,1.97278784114458,5.65448424893663,"Invisible",2.18434045091271
5.33530412582679,3.13631753110372,9.93688142468284,"Visible",2.18434045091271
2.86371298784793,2.20863394574022,3.07172806472752,"Invisible",2.18434045091271
5.00480907612624,3.02529999231863,8.80746119108148,"Visible",2.18434045091271
3.82264195414416,2.59905829023116,5.29725574545652,"Invisible",2.18434045091271
3.19469767091012,1.68038028797914,3.77577344566334,"Invisible",2.18434045091271
3.79137320918102,2.58705510175088,5.2157959355114,"Visible",2.18434045091271
3.59675866162004,2.51135435340749,4.72216214906722,"Invisible",2.18434045091271
3.83087686729751,2.60221230461938,5.31880762109411,"Invisible",2.18434045091271
8.10734700335274,3.97039489977413,21.8835231158681,"Invisible",2.18434045091271
3.8896840507979,2.62465032727741,5.47390873576903,"Visible",2.18434045091271
3.64256218252974,1.85401732108877,4.8362650724614,"Invisible",2.18434045091271
3.50383778180104,1.80083719221444,4.49462172881956,"Visible",2.18434045091271
3.81021789257495,1.91761650147182,5.26481814971359,"Visible",2.18434045091271
2.85349625449531,2.20418966899818,3.05108368562394,"Invisible",2.18434045091271
3.36304756096383,2.41804105857998,4.15994434653451,"Invisible",2.18434045091271
3.30864544826268,1.72510604028274,4.03388755434579,"Invisible",2.18434045091271
3.51796578987335,1.8062769836683,4.52887719317059,"Invisible",2.18434045091271
3.40415722359966,1.76229877296922,4.25640917972175,"Visible",2.18434045091271
3.18733434511863,1.67747648506862,3.75937018411161,"Invisible",2.18434045091271
3.03461585937455,2.28197803244846,3.42674131211183,"Invisible",2.18434045091271
3.06032181927602,2.29285223800551,3.48171605113481,"Invisible",2.18434045091271
2.92517981655778,2.23522730287762,3.19731040860982,"Invisible",2.18434045091271
3.06915266409653,1.63063695882493,3.50069656132679,"Invisible",2.18434045091271
4.68037921438311,2.91316172492804,7.76127130940398,"Visible",2.18434045091271
3.30396313834285,2.39400652193617,4.023123268277,"Invisible",2.18434045091271
3.25804841603991,1.7052945690987,3.91828532327078,"Visible",2.18434045091271
3.29360622562145,2.3897742447643,3.99936151562833,"Invisible",2.18434045091271
3.43161440342812,2.44570304161197,4.32141672419765,"Visible",2.18434045091271
3.98447148546295,2.6605074378411,5.72831119575741,"Invisible",2.18434045091271
3.05854076926261,1.626409203373,3.47789384231352,"Invisible",2.18434045091271
3.34095406868997,1.737716895899,4.10853100869388,"Invisible",2.18434045091271
2.85512834341507,1.54464025688722,3.05437716450347,"Invisible",2.18434045091271
5.21052214049184,3.09476429965578,9.50293541852509,"Visible",2.18434045091271
3.19115323314648,1.67898271214995,3.76787332106265,"Invisible",2.18434045091271
3.00925951776789,1.60672723574451,3.37291733170961,"Invisible",2.18434045091271
3.14757262503117,2.32946739067275,3.67137341459976,"Invisible",2.18434045091271
2.87882529170728,2.21519512705615,3.10238458737425,"Invisible",2.18434045091271
4.06917348179656,2.01449258217439,5.96023471512631,"Invisible",2.18434045091271
3.03238772316416,2.28103359040524,3.42199559279326,"Invisible",2.18434045091271
3.57597124575945,2.50316400605118,4.67080041992878,"Invisible",2.18434045091271
5.68392620904203,2.58794076598408,11.1973851940278,"Visible",2.18434045091271
2.87661976761852,2.21423851170574,3.09790158773607,"Invisible",2.18434045091271
4.67156748761718,2.23411176065503,7.73372431262256,"Visible",2.18434045091271
3.02958074214178,2.27984336170324,3.41602138905077,"Invisible",2.18434045091271
3.13862815065212,1.65822613997964,3.651713386307,"Invisible",2.18434045091271
3.5653137536764,1.82446793215111,4.64457019009003,"Invisible",2.18434045091271
4.25527145146337,2.76094910243801,6.48495370245158,"Invisible",2.18434045091271
3.1325278564447,2.3231857021635,3.63833335072512,"Invisible",2.18434045091271
2.90109356306342,2.22483582477771,3.14781822429102,"Invisible",2.18434045091271
3.71968336558082,1.88336186439958,5.03127455538146,"Visible",2.18434045091271
4.05149764683667,2.00793013424249,5.91147919297906,"Invisible",2.18434045091271
4.68606639309922,2.23930691811099,7.77907486491756,"Invisible",2.18434045091271
2.91803618090203,1.57007967673747,3.18259388957892,"Invisible",2.18434045091271
3.09203226689274,1.6397397112937,3.55009819703858,"Invisible",2.18434045091271
4.43766291845104,2.14973095575994,7.01936010128853,"Invisible",2.18434045091271
4.84886886447793,2.97180875289829,8.29684276159945,"Invisible",2.18434045091271
3.58856474002204,1.83337871441839,4.70188501448553,"Invisible",2.18434045091271
3.55610396676001,2.49531675573405,4.6219589839549,"Visible",2.18434045091271
3.21106652402887,2.35583504738281,3.81235851558938,"Visible",2.18434045091271
3.14890953874617,1.66229588811718,3.67431622369698,"Invisible",2.18434045091271
3.52179716698924,2.48172094201764,4.53818800660276,"Invisible",2.18434045091271
3.65814809490937,2.53542230820083,4.87538360194534,"Visible",2.18434045091271
3.67028429291026,2.54015942292766,4.9059463633967,"Visible",2.18434045091271
3.5040093086421,2.47464884756783,4.49503688814943,"Visible",2.18434045091271
3.20461302224964,2.35316549867061,3.79791487129414,"Invisible",2.18434045091271
4.05244523940146,2.00828212541939,5.91408817679277,"Invisible",2.18434045091271
5.93347024831514,3.32988358639182,12.1429666754495,"Visible",2.18434045091271
4.59541779156012,2.8832395257965,7.49758620418103,"Visible",2.18434045091271
3.25753491764559,1.70509311348029,3.9171202012976,"Invisible",2.18434045091271
3.89889782200857,1.95097231886359,5.49839940438047,"Invisible",2.18434045091271
3.8120037525839,2.59497941092663,5.26947503296197,"Visible",2.18434045091271
3.05012208635149,1.62305260484842,3.45985370185881,"Invisible",2.18434045091271
2.92286211969649,1.57202554206086,3.19253225188052,"Invisible",2.18434045091271
2.84867005956237,2.20208786053594,3.04135442202546,"Visible",2.18434045091271
2.86979487983427,1.55058372918925,3.08404846588812,"Visible",2.18434045091271
3.30085932661566,2.39273878016179,4.01599528449237,"Invisible",2.18434045091271
3.26213573571029,1.70689782233394,3.92756521178455,"Visible",2.18434045091271
3.09733538810256,2.30844004725487,3.56159513404349,"Invisible",2.18434045091271
4.02273640865487,2.67487701388013,5.83254907352961,"Invisible",2.18434045091271
6.11950063377517,2.73520555924125,12.8712710293262,"Visible",2.18434045091271
3.17921393449849,1.67427216900585,3.74131929212371,"Invisible",2.18434045091271
3.58215418130658,1.83092335910061,4.68604968597786,"Invisible",2.18434045091271
3.10693998261201,1.64566173398708,3.58246194719542,"Invisible",2.18434045091271
3.93760443815138,1.96547159254769,5.60184465576526,"Invisible",2.18434045091271
3.94650383849275,1.9688001989956,5.62575681593065,"Visible",2.18434045091271
3.97665866913873,1.98006494484762,5.70713685737842,"Invisible",2.18434045091271
3.03668093255036,2.2828530866347,3.43114248259017,"Invisible",2.18434045091271
3.54169545441101,1.81540146503124,4.58668830152271,"Invisible",2.18434045091271
3.11390451572717,1.64842592302154,3.59762882762749,"Invisible",2.18434045091271
2.84066639372747,2.19859883446539,3.02525180242158,"Invisible",2.18434045091271
4.56145267023746,2.19452310778598,7.39337179517425,"Invisible",2.18434045091271
3.01111759348124,1.6074707720698,3.37684787398589,"Invisible",2.18434045091271
8.22765528217583,3.41467840588834,22.5002668219957,"Visible",2.18434045091271
4.24251628604735,2.07847673488237,6.44832578939241,"Visible",2.18434045091271
3.27334759939597,1.71129310132317,3.95307369088492,"Invisible",2.18434045091271
3.61821913819643,2.51978824671142,4.77546375253099,"Visible",2.18434045091271
2.97135940951187,1.59153572789647,3.29321382645946,"Invisible",2.18434045091271
3.78596687874506,1.90846107364628,5.20177180059165,"Visible",2.18434045091271
3.22017018124985,1.69041273710478,3.83277730526755,"Invisible",2.18434045091271
3.24261801809163,1.69923743944159,3.8833450211488,"Invisible",2.18434045091271
4.18325176320054,2.73451572516609,6.27942075004452,"Visible",2.18434045091271
2.87183666010201,2.21216280497908,3.08818980171832,"Invisible",2.18434045091271
3.26861380354317,1.70943781757633,3.94229420978604,"Invisible",2.18434045091271
3.55040658034659,1.81874720318445,4.60799713937069,"Invisible",2.18434045091271
3.32127530881807,2.40106810855329,4.06299007318976,"Invisible",2.18434045091271
2.89951789838298,1.562605428673,3.14459321300666,"Invisible",2.18434045091271
3.21930062295764,1.69007058661364,3.83082473986082,"Visible",2.18434045091271
6.51604700796831,2.86700441522302,14.4900844213528,"Visible",2.18434045091271
3.74931636489192,1.89459655679341,5.10716772604867,"Invisible",2.18434045091271
3.56061707973036,2.49710103760231,4.63303277384868,"Invisible",2.18434045091271
3.04853966875781,2.28787308874263,3.45646771063109,"Invisible",2.18434045091271
2.94556898556902,2.24399460628952,3.23948935111679,"Invisible",2.18434045091271
3.98116005981381,1.98174466190378,5.7193320515319,"Invisible",2.18434045091271
3.51572440581777,2.4793082907025,4.52343446514482,"Invisible",2.18434045091271
3.01521254412473,1.60910902124048,3.38551785939123,"Invisible",2.18434045091271
4.97517554127795,2.34207833832018,8.70932507150459,"Visible",2.18434045091271
2.86081339134953,1.54694497317228,3.06586236341074,"Invisible",2.18434045091271
2.85185515248658,2.20347514308211,3.0477737026781,"Invisible",2.18434045091271
2.84019398021665,1.53858038714683,3.02430260683658,"Invisible",2.18434045091271
3.32965785512105,1.73331119129094,4.08235994159979,"Invisible",2.18434045091271
3.2245588839918,1.69213923421307,3.84263913290973,"Invisible",2.18434045091271
2.98478450025259,2.26078308174189,3.32134417570208,"Invisible",2.18434045091271
3.86629165950864,1.93873024518406,5.41196147731284,"Invisible",2.18434045091271
2.93601829288755,1.57732615725515,3.21969954845229,"Invisible",2.18434045091271
2.90495920001351,1.56480285429015,3.15573684612663,"Invisible",2.18434045091271
4.63113901676149,2.89584919714467,7.6079281862196,"Visible",2.18434045091271
3.141821516985,1.65949054776934,3.65872673709708,"Visible",2.18434045091271
2.88147842783805,1.5553129310391,3.10778145063763,"Invisible",2.18434045091271
2.96863765761692,2.25388221792044,3.28752449838612,"Invisible",2.18434045091271
3.40752082578757,1.76360377347361,4.26434794093987,"Invisible",2.18434045091271
2.89859071843022,1.56223089160376,3.14269622205001,"Invisible",2.18434045091271
2.97515397443874,2.25666913857677,3.30115339120903,"Invisible",2.18434045091271
4.14893721027953,2.72185143844565,6.18258736621727,"Visible",2.18434045091271
3.6926573991575,2.54887442337502,4.96252408801725,"Visible",2.18434045091271
3.20872084901938,2.35486500904038,3.80710565700596,"Invisible",2.18434045091271
3.37297490465269,2.42206119249691,4.18314390361573,"Invisible",2.18434045091271
6.70302217435658,2.92844748377398,15.2845582680069,"Invisible",2.18434045091271
4.86662889936345,2.3036726851667,8.35427358006774,"Visible",2.18434045091271
3.15018637101838,2.3305573789391,3.67712781635745,"Invisible",2.18434045091271
2.90026646058703,1.5629077906917,3.14612514827637,"Invisible",2.18434045091271
2.87874026393883,2.21515825337494,3.10221170148476,"Invisible",2.18434045091271
3.68332697670993,1.86954747057652,4.93889199606195,"Invisible",2.18434045091271
3.97491440794813,1.97941393682038,5.70241458376776,"Invisible",2.18434045091271
3.2175452676942,2.35851268344552,3.82688457046405,"Invisible",2.18434045091271
4.10401351936411,2.02740666780862,6.05688540936126,"Visible",2.18434045091271
3.29820480360814,1.7210242137464,4.00990381727837,"Visible",2.18434045091271
2.93770344008332,1.57800467190075,3.22318716772727,"Visible",2.18434045091271
2.99875537940847,1.60252168500772,3.3507375206689,"Invisible",2.18434045091271
4.25243859534761,2.08211921474147,6.47681040986023,"Visible",2.18434045091271
3.65835899574771,1.86004056756329,4.87591395008172,"Visible",2.18434045091271
10.609573497809,4.62030610796507,36.3522050268668,"Visible",2.18434045091271
2.91506606704918,1.56888169735856,3.17648458570912,"Invisible",2.18434045091271
3.20799192153968,1.68561877080749,3.80547400439848,"Invisible",2.18434045091271
5.09081337061616,3.05449032510332,9.09520230572485,"Visible",2.18434045091271
4.34103048535767,2.79217187200065,6.73375024604896,"Invisible",2.18434045091271
3.12135358922313,2.3185115507836,3.61388423357296,"Invisible",2.18434045091271
3.08317090030578,1.63621618533098,3.53092613143442,"Invisible",2.18434045091271
3.76383513585058,2.57644818608577,5.14454666356225,"Invisible",2.18434045091271
2.86082637719354,1.54695023631464,3.06588862120918,"Invisible",2.18434045091271
4.1238547198579,2.03474888762741,6.11225387064876,"Visible",2.18434045091271
4.00124660475822,2.66681435676239,5.77389971270916,"Visible",2.18434045091271
9.52494313187006,4.34785586890021,29.6593634866361,"Visible",2.18434045091271
2.96527013227587,2.25244093685247,3.28049169776644,"Invisible",2.18434045091271
3.69800633135333,2.55095457769305,4.97609576973139,"Visible",2.18434045091271
4.83727487109262,2.9678019636372,8.25945160683801,"Invisible",2.18434045091271
3.59424184648529,2.51036381667884,4.71592953444388,"Invisible",2.18434045091271
5.1399379793469,3.07106693414031,9.26150602738061,"Invisible",2.18434045091271
2.93442367994515,2.23920544008353,3.21640093516506,"Invisible",2.18434045091271
3.41264470140947,2.43807440498203,4.27645465455077,"Invisible",2.18434045091271
4.74687805515934,2.93641662253168,7.97064203196927,"Visible",2.18434045091271
3.19763607681308,1.68153861033468,3.78232869408842,"Invisible",2.18434045091271
7.13746189282101,3.69528534971962,17.2072575391608,"Visible",2.18434045091271
4.94922696294358,3.00631855774579,8.62381680778716,"Visible",2.18434045091271
3.19834150796976,1.6818166522646,3.78390322604391,"Invisible",2.18434045091271
7.06765416214972,3.04705389854274,16.8910972359031,"Visible",2.18434045091271
3.26256403755386,2.37705415800053,3.92853822946734,"Invisible",2.18434045091271
3.41753767064894,1.76748817019172,4.28803083809026,"Invisible",2.18434045091271
3.13583754555754,1.65712094095396,3.64558976847181,"Invisible",2.18434045091271
3.12109536382246,2.31840344987757,3.61332015652726,"Invisible",2.18434045091271
3.12546793553155,1.65301197082874,3.6228773451163,"Invisible",2.18434045091271
3.4012057875503,1.76115341742495,4.24944893874178,"Invisible",2.18434045091271
3.98299772078032,1.98243025777646,5.72431417021634,"Invisible",2.18434045091271
4.67024102152459,2.23363626811072,7.72958153462584,"Invisible",2.18434045091271
6.96616412625067,3.01419877459951,16.436366230527,"Visible",2.18434045091271
3.64950468224048,1.85666526595398,4.85367151246008,"Invisible",2.18434045091271
3.8554142691696,1.93464055412623,5.38326908417135,"Invisible",2.18434045091271
3.58951963625636,2.50850449088274,4.70424594261377,"Invisible",2.18434045091271
2.87508170282217,1.55272429631378,3.09477708474416,"Invisible",2.18434045091271
3.51733595830585,2.47994872262303,4.52734746941941,"Invisible",2.18434045091271
3.49265977933027,1.79652936559655,4.46760562878464,"Invisible",2.18434045091271
9.74091780986224,3.87532646347185,30.9410070288727,"Visible",2.18434045091271
3.18238111621304,2.34395105852697,3.74835477512532,"Invisible",2.18434045091271
2.92911313257996,1.57454481533152,3.20542700676013,"Invisible",2.18434045091271
3.31102108492448,2.39688738396149,4.03935413730884,"Visible",2.18434045091271
3.22991698931337,1.69424629251987,3.85469544561238,"Invisible",2.18434045091271
3.62833761930638,2.5237572000843,4.80069264963804,"Visible",2.18434045091271
2.83338796462604,1.53581608558889,3.01064317681019,"Invisible",2.18434045091271
2.89739848086351,2.22323833776273,3.14025771943682,"Invisible",2.18434045091271
2.86003698883034,2.2070356851738,3.06429264437078,"Invisible",2.18434045091271
5.26046726101499,2.44203568202625,9.67553310432931,"Invisible",2.18434045091271
2.91270434416025,2.22984971927365,3.17163063485522,"Invisible",2.18434045091271
2.95032903490024,2.24603760103539,3.24937383498097,"Invisible",2.18434045091271
2.85899224609175,1.54620680655688,3.06218099536661,"Invisible",2.18434045091271
3.16189226027345,2.33543415187555,3.70295136295399,"Visible",2.18434045091271
4.30585128874556,2.77939684692541,6.63115897612401,"Invisible",2.18434045091271
3.35833009247477,2.41612887796757,4.14894118638817,"Invisible",2.18434045091271
3.88055156563559,1.9440873352501,5.44968484278863,"Invisible",2.18434045091271
3.24678380996663,2.37056768341782,3.89276346581062,"Visible",2.18434045091271
4.33121175605405,2.11096183412519,6.70504192598071,"Visible",2.18434045091271
2.88228476680376,2.2166949821216,3.10942253443506,"Invisible",2.18434045091271
4.36841058821491,2.80208348396684,6.81410951001016,"Invisible",2.18434045091271
3.59145398325681,2.50926625079419,4.70903021564713,"Visible",2.18434045091271
5.95740928325288,3.33744845487872,12.2355692171757,"Visible",2.18434045091271
2.8607068691409,2.20732700427567,3.06564697603407,"Invisible",2.18434045091271
3.29355303268226,2.3897524928763,3.99923964641809,"Invisible",2.18434045091271
2.92363055414147,1.57233530798522,3.19411608179491,"Invisible",2.18434045091271
7.26570684486303,3.11083121341082,17.7952560334709,"Visible",2.18434045091271
3.29015930942457,2.3883643997218,3.99146796750926,"Invisible",2.18434045091271
4.92289590709563,2.32360739590419,8.53745362261619,"Visible",2.18434045091271
3.45529595627558,2.45520076093119,4.37785691675961,"Invisible",2.18434045091271
3.51239830568881,1.80413395639914,4.51536340273954,"Invisible",2.18434045091271
4.50757336178473,2.85204699129153,7.22946235432319,"Invisible",2.18434045091271
2.95927338712091,2.24987259532561,3.26798551502734,"Invisible",2.18434045091271
3.40190583534978,1.76142510553199,4.25109934614505,"Invisible",2.18434045091271
5.06127586470862,3.0444895727805,8.99588974691928,"Visible",2.18434045091271
2.86264879967552,1.54768880197845,3.06957466690981,"Invisible",2.18434045091271
5.48749745710928,3.18642903951718,10.4784624983271,"Invisible",2.18434045091271
3.11436193777324,2.31558325627922,3.59862602372868,"Invisible",2.18434045091271
3.27245473154094,2.38111275624921,3.95103945377241,"Invisible",2.18434045091271
2.87795700117176,2.21481855631786,3.1006193161664,"Invisible",2.18434045091271
3.19311016730848,2.34840141503723,3.77223412989315,"Invisible",2.18434045091271
3.07679562985972,1.63367963146009,3.51716305933437,"Invisible",2.18434045091271
4.46178551598555,2.83568309937792,7.09152677658633,"Visible",2.18434045091271
3.17881795755324,2.34247163030068,3.74044011765745,"Invisible",2.18434045091271
3.15167167339398,1.66338867417316,3.68039973326834,"Invisible",2.18434045091271
4.6292914002192,2.2189405344418,7.60220236575346,"Invisible",2.18434045091271
3.13695958490581,2.32503746073799,3.6480513564042,"Invisible",2.18434045091271
3.89479067727271,1.94943169570251,5.48747605906894,"Visible",2.18434045091271
3.33164123032169,1.73408501007216,4.08694933599427,"Invisible",2.18434045091271
3.84197522413711,2.6064583555717,5.34791856986974,"Invisible",2.18434045091271
3.49487074856225,2.47100944804051,4.47294324391255,"Invisible",2.18434045091271
7.91770103837659,3.91778215120047,20.9277073114563,"Visible",2.18434045091271
2.91206702992278,2.22957473377772,3.17032138716892,"Invisible",2.18434045091271
3.24267842348205,2.3688779073346,3.88348151516086,"Visible",2.18434045091271
2.83541824739011,1.5366408702556,3.01471484010344,"Invisible",2.18434045091271
3.15742594693548,2.33357437895951,3.69308851920143,"Invisible",2.18434045091271
5.69699644295694,2.59239993713728,11.2460167558686,"Visible",2.18434045091271
2.92752845665008,2.23623856972007,3.20215578381561,"Invisible",2.18434045091271
5.13789020967303,3.07037731944072,9.25454533812296,"Visible",2.18434045091271
6.64575839795789,2.90967582425735,15.0391226324741,"Visible",2.18434045091271
4.15438503195094,2.72386508063286,6.19791351992077,"Invisible",2.18434045091271
3.36849186339939,1.74844148171806,4.1726598186083,"Invisible",2.18434045091271
3.40054895588865,2.43320045472102,4.24790069003512,"Invisible",2.18434045091271
3.11538245237351,2.31601085434201,3.60085124949624,"Invisible",2.18434045091271
3.79009330245644,1.91001994725977,5.21247422719738,"Invisible",2.18434045091271
2.88440816470617,1.55649805995139,3.11374608165009,"Invisible",2.18434045091271
3.5714641123606,2.50138543410505,4.65969898676605,"Invisible",2.18434045091271
3.23047886231948,1.69446719659954,3.85596074851694,"Invisible",2.18434045091271
3.10183940116184,1.64363635369199,3.57137335844725,"Invisible",2.18434045091271
3.29181420768737,2.38904136055603,3.99525682260512,"Invisible",2.18434045091271
5.9450890938767,3.33355686662312,12.1878701585115,"Visible",2.18434045091271
2.84676074011908,2.20125592273307,3.0375094027695,"Invisible",2.18434045091271
5.81552979863787,2.63272389058113,11.6915730405898,"Visible",2.18434045091271
3.04681100540052,2.28714184781175,3.45277056973871,"Invisible",2.18434045091271
3.07556600495082,2.29928204958569,3.51451142477685,"Invisible",2.18434045091271
2.88211898760811,1.55557207424449,3.10908510269002,"Invisible",2.18434045091271
3.69926074560729,1.87560603405624,4.97928107826602,"Invisible",2.18434045091271
3.00256246565889,1.60404635698751,3.35876835387375,"Invisible",2.18434045091271
4.77348811757749,2.94568239394486,8.05515690934417,"Visible",2.18434045091271
4.0805982130033,2.69649297462095,5.99184784787386,"Visible",2.18434045091271
2.82950188747656,1.53423698766148,3.00285699415591,"Invisible",2.18434045091271
3.16408988472765,1.66829874391913,3.70780885798073,"Invisible",2.18434045091271
5.80171468186267,2.62803478785064,11.63922449472,"Visible",2.18434045091271
3.40221868410922,1.76154651740969,4.25183700445983,"Invisible",2.18434045091271
3.8888446185603,1.9472005598298,5.47168003665303,"Invisible",2.18434045091271
3.30493697805686,1.7236565637431,4.0253609407116,"Visible",2.18434045091271
5.25911900169029,3.11099846480936,9.67085468886507,"Visible",2.18434045091271
4.19977150029404,2.7405964044818,6.32629048586222,"Invisible",2.18434045091271
3.36287985342029,2.41797310001121,4.15955294579982,"Invisible",2.18434045091271
3.46572704576351,1.78613569683615,4.4028264822756,"Invisible",2.18434045091271
4.83955118594328,2.29405882967831,8.26678656286152,"Visible",2.18434045091271
7.46012828756543,3.17301695462004,18.7043567930625,"Visible",2.18434045091271
3.14836160570457,1.66207908029492,3.67310998166565,"Visible",2.18434045091271
3.82228201787149,2.59892036517329,5.29631468195054,"Invisible",2.18434045091271
2.96605132315167,2.25277534556641,3.28212252028424,"Invisible",2.18434045091271
2.88767155899772,2.21902886211553,3.12039633146297,"Invisible",2.18434045091271
3.67053745862861,1.86467970859538,4.90658487001031,"Invisible",2.18434045091271
2.90724436314906,1.5657253914652,3.1604223201207,"Invisible",2.18434045091271
3.01898602310607,2.27534659869716,3.39351646265627,"Invisible",2.18434045091271
3.5072369308128,2.47593324667829,4.50285230527895,"Invisible",2.18434045091271
2.90733049814388,1.56576016124372,3.16059899428705,"Invisible",2.18434045091271
3.58585077573947,2.50705917462632,4.69517792940896,"Invisible",2.18434045091271
2.88944117656479,1.55853329617307,3.1240053033811,"Invisible",2.18434045091271
2.97896140915462,1.59458671150296,3.30912891482152,"Invisible",2.18434045091271
3.11741048566281,2.31686042374486,3.60527528246723,"Invisible",2.18434045091271
3.29224792787511,2.38921875570654,3.99625009536404,"Invisible",2.18434045091271
2.91878759175181,1.57038270582878,3.18414036039023,"Invisible",2.18434045091271
4.97606613959778,2.34239257363504,8.71226689466585,"Invisible",2.18434045091271
3.04120432056517,2.284768920282,3.44079219330522,"Invisible",2.18434045091271
2.97470873096785,2.25647880017248,3.30022131992373,"Invisible",2.18434045091271
3.1890772297052,2.34672933939592,3.76324977126111,"Invisible",2.18434045091271
3.36627156184435,2.41934720310755,4.16747197802467,"Invisible",2.18434045091271
3.36231695743613,2.41774499209035,4.15823936935472,"Invisible",2.18434045091271
3.403697792485,2.43446999796243,4.25532537183787,"Visible",2.18434045091271
2.82926084985209,2.19361941097885,3.00237436091891,"Invisible",2.18434045091271
2.83683607289897,2.19692757069997,3.01755977480466,"Invisible",2.18434045091271
3.26720367726409,1.70888502650823,3.93908583958562,"Invisible",2.18434045091271
3.68719368351132,1.87101832684823,4.94867915688245,"Invisible",2.18434045091271
3.92629741632028,1.96123975389659,5.57153242030893,"Invisible",2.18434045091271
3.03521609238645,1.61710376305386,3.42802028014951,"Invisible",2.18434045091271
3.99073932980275,1.98531763349487,5.74532498334642,"Invisible",2.18434045091271
2.879822081779,1.55464277705245,3.10441168576092,"Invisible",2.18434045091271
4.07832184788686,2.01788626045454,5.98554269594215,"Invisible",2.18434045091271
3.00489715665527,2.26935611666213,3.36369772187666,"Invisible",2.18434045091271
5.06365401394339,3.04529570318927,9.00386671435424,"Visible",2.18434045091271
3.99715766715462,2.66527810968921,5.76277185164992,"Invisible",2.18434045091271
3.59905597719886,2.5122582381988,4.72785457462417,"Visible",2.18434045091271
4.03603744321718,2.67985794964459,5.86898942355695,"Visible",2.18434045091271
2.90771217062828,1.56591422638732,3.16138191044212,"Invisible",2.18434045091271
3.51404623728209,1.80476836422883,4.51936140095165,"Visible",2.18434045091271
3.63705312309279,1.85191520634061,4.82247351355479,"Invisible",2.18434045091271
4.73087681139056,2.93083398503423,7.9200230486625,"Invisible",2.18434045091271
4.48171127034497,2.16570486952725,7.15139948903342,"Invisible",2.18434045091271
3.20599908322179,1.68483385730786,3.80101485475727,"Invisible",2.18434045091271
3.04926850748357,1.62271214641527,3.45802705580047,"Invisible",2.18434045091271
2.99077837847033,1.59932546121461,3.33393979258526,"Invisible",2.18434045091271
3.87240322476964,2.61807224076009,5.42811402143151,"Invisible",2.18434045091271
2.94100858432955,2.24203594784713,3.23003272343303,"Invisible",2.18434045091271
3.67057226752316,2.54027174478479,4.90667266421374,"Invisible",2.18434045091271
3.0267672988456,2.27864990980477,3.41003835496365,"Invisible",2.18434045091271
3.7238686507678,2.56099374586832,5.04196111312034,"Invisible",2.18434045091271
3.19475894092559,2.34908473919497,3.77591007752196,"Invisible",2.18434045091271
3.49787671820352,2.47220702279322,4.48020491508156,"Invisible",2.18434045091271
2.83055709906174,2.19418576713111,3.0049702892741,"Invisible",2.18434045091271
3.38876837528269,2.42844622113097,4.22017716536616,"Invisible",2.18434045091271
3.0471445042561,1.62186486294949,3.4534836883338,"Invisible",2.18434045091271
2.85164913339288,2.20338543093537,3.04735829650565,"Invisible",2.18434045091271
3.22883344078769,1.69382026108683,3.85225591315841,"Visible",2.18434045091271
2.88276611395463,2.21690360785216,3.11040237981308,"Invisible",2.18434045091271
3.28598778869821,2.38665731719906,3.98192485533495,"Invisible",2.18434045091271
3.53368352219462,2.48643803133764,4.56713079246732,"Visible",2.18434045091271
2.83922577412665,1.53818724610092,3.02235767882314,"Invisible",2.18434045091271
4.09901867549257,2.02555693042207,6.04298421276556,"Visible",2.18434045091271
3.48795265443357,1.79471428070784,4.45625189296025,"Invisible",2.18434045091271
2.88087496005179,2.21608385545001,3.10655352239317,"Invisible",2.18434045091271
3.00095721114155,1.60340353948347,3.35538105850935,"Visible",2.18434045091271
6.0656375887701,2.71714068449847,12.6583484725235,"Visible",2.18434045091271
2.95920669284508,2.24984401811911,3.26784655068188,"Invisible",2.18434045091271
2.86231508657496,1.5475535682528,3.06889954054361,"Invisible",2.18434045091271
3.22451302086117,1.69212119489569,3.84253601256,"Invisible",2.18434045091271
4.78525531641155,2.27474053717776,8.09266368852476,"Invisible",2.18434045091271
3.26667471989871,2.37874160772108,3.93788265334278,"Invisible",2.18434045091271
2.94360359969047,2.24315065005123,3.23541225629588,"Invisible",2.18434045091271
3.2513653447905,2.37245234146061,3.90313424516924,"Invisible",2.18434045091271
3.17724112328659,1.67349338784711,3.73694008823397,"Invisible",2.18434045091271
4.40569932776507,2.81553852942777,6.92427043980404,"Visible",2.18434045091271
7.02696306623345,3.03389535400696,16.7080784102764,"Visible",2.18434045091271
4.83000006886375,2.29066452445617,8.2360305732747,"Visible",2.18434045091271
2.90822228568448,2.22791526326211,3.16242844025116,"Invisible",2.18434045091271
3.02516392554167,1.61308790693471,3.40663084614962,"Invisible",2.18434045091271
3.24076721064501,1.69851042939709,3.87916396858668,"Invisible",2.18434045091271
3.27600814273145,2.38256957377068,3.95913817319444,"Visible",2.18434045091271
3.02580595257092,1.61334449753279,3.40799509774312,"Invisible",2.18434045091271
3.22826922384209,2.36293968170602,3.85098590622186,"Invisible",2.18434045091271
3.71879746199498,1.883025649419,5.02901388747196,"Invisible",2.18434045091271
4.21543355921354,2.06852378378538,6.37087806381183,"Visible",2.18434045091271
2.96258104497772,1.58801018897259,3.27488084282152,"Invisible",2.18434045091271
4.34880970355332,2.79499072086368,6.75653630262967,"Invisible",2.18434045091271
2.96380762403035,2.25181476944372,3.27743957396183,"Invisible",2.18434045091271
2.97816470949113,1.59426705592255,3.30745930085139,"Invisible",2.18434045091271
3.01417563541456,1.60869424238067,3.38332148888322,"Invisible",2.18434045091271
3.22605168943222,1.69272636339107,3.84599632170952,"Invisible",2.18434045091271
3.48195106677022,1.7923991560574,4.44179556645398,"Invisible",2.18434045091271
3.86931169736903,1.93986521035534,5.41994045016528,"Invisible",2.18434045091271
2.82987158427208,2.19388626667082,3.00359731442158,"Invisible",2.18434045091271
3.71308613206097,2.55681192604673,5.01445105578037,"Invisible",2.18434045091271
2.99306943063128,1.60024365804616,3.33876015964871,"Invisible",2.18434045091271
4.08437827969172,2.0201319056431,6.00232489442048,"Visible",2.18434045091271
4.48704516943913,2.16763650573538,7.16746687404327,"Visible",2.18434045091271
4.02775660393182,1.99910457943397,5.84629018303738,"Visible",2.18434045091271
2.99469508060565,1.60089507142866,3.34218250771996,"Invisible",2.18434045091271
3.28547933451394,1.71604474349155,3.98076240803417,"Invisible",2.18434045091271
3.12638057967701,2.32061522295059,3.62487362031303,"Visible",2.18434045091271
2.90052781518053,1.56301335340356,3.14666009399274,"Invisible",2.18434045091271
4.46523731213198,2.15973529486237,7.10188175678118,"Visible",2.18434045091271
5.11332274625002,3.06209451456037,9.1712284960544,"Visible",2.18434045091271
6.652763973474,3.55169177901724,15.0690486438133,"Visible",2.18434045091271
3.22624036827979,2.36210263473333,3.84642074201191,"Invisible",2.18434045091271
3.44754717666649,1.77910842868819,4.35935138122781,"Visible",2.18434045091271
2.98360561944191,2.26027980195781,3.31886949674023,"Invisible",2.18434045091271
3.44805418818736,2.45229940252314,4.3605610930785,"Invisible",2.18434045091271
3.162187035005,1.66754668465795,3.70360274123696,"Visible",2.18434045091271
3.13437327876058,2.32395693440027,3.64237855883871,"Invisible",2.18434045091271
3.04691768153985,1.62177437264351,3.4529986671561,"Invisible",2.18434045091271
3.22813223325272,1.69354454004299,3.85067758112519,"Invisible",2.18434045091271
3.50567146819195,2.4753103513505,4.4990608715632,"Visible",2.18434045091271
3.36571942146045,2.41912355236371,4.16618234662897,"Invisible",2.18434045091271
3.76685157219022,2.57761168316429,5.15232862559299,"Invisible",2.18434045091271
3.64964741236441,2.53210015644841,4.85402967796782,"Invisible",2.18434045091271
3.70687751999509,2.55440161506114,4.99864276546076,"Visible",2.18434045091271
3.24003661154984,1.69822341636252,3.87751409698554,"Invisible",2.18434045091271
4.15685797262323,2.72477875698488,6.20487643668386,"Invisible",2.18434045091271
2.94798321299109,2.24503096327355,3.24450084797126,"Invisible",2.18434045091271
3.02500037261961,2.27790013893739,3.40628335144671,"Invisible",2.18434045091271
3.30864297128472,1.72510507227776,4.033881856382,"Invisible",2.18434045091271
4.13639910707242,2.03938636168468,6.14738215265767,"Visible",2.18434045091271
3.77045066901553,1.90259557132493,5.16162099896671,"Invisible",2.18434045091271
2.87942270822795,2.21545419309216,3.10359943453297,"Invisible",2.18434045091271
3.05126827285119,2.28902694590598,3.46230723702477,"Invisible",2.18434045091271
4.85548791496103,2.97409436776262,8.31822509100001,"Visible",2.18434045091271
3.30135280296976,1.72225528148008,4.01712816849151,"Invisible",2.18434045091271
3.30036557733425,1.7218692451987,4.01486192423492,"Invisible",2.18434045091271
4.37977947872106,2.12867927843802,6.84760826663698,"Visible",2.18434045091271
3.40620855637144,2.43548191674938,4.26124990047614,"Invisible",2.18434045091271
2.88837088665884,2.21933171321335,3.12182231145502,"Invisible",2.18434045091271
3.68326969139145,2.54522044162777,4.93874706758683,"Invisible",2.18434045091271
3.98892774181918,1.98464209420964,5.74040507088549,"Invisible",2.18434045091271
4.347878331071,2.79465334818846,6.75380631926921,"Invisible",2.18434045091271
5.00546334863124,2.35275708525976,8.80963374816773,"Visible",2.18434045091271
5.06002274902753,2.37195268481445,8.9916877886976,"Visible",2.18434045091271
3.60229885798902,2.51353372961426,4.73589546404512,"Visible",2.18434045091271
3.25320515691945,2.37320883953535,3.90730250010007,"Invisible",2.18434045091271
3.22851622252111,1.69369552989892,3.85154185614867,"Invisible",2.18434045091271
4.44656919002906,2.15296396168931,7.04596426106697,"Invisible",2.18434045091271
3.38143474871373,2.42548298073917,4.20296185894602,"Invisible",2.18434045091271
2.88903785013796,1.55837023282888,3.12318258379987,"Invisible",2.18434045091271
4.82355509089435,2.28837313851087,8.21530725292467,"Visible",2.18434045091271
3.58263417029118,2.50579148936512,4.68723448262724,"Invisible",2.18434045091271
4.48480664732223,2.16682590986025,7.16072167619305,"Invisible",2.18434045091271
3.53984898170292,2.48888206079863,4.58217749053841,"Invisible",2.18434045091271
3.39577526244251,2.4312748252426,4.2366563606412,"Invisible",2.18434045091271
3.58879101510679,1.83346536162225,4.70244441675898,"Invisible",2.18434045091271
8.27148383625951,3.42830324957989,22.7269489218006,"Visible",2.18434045091271
2.84352646823261,1.53993329071671,3.0310013887819,"Invisible",2.18434045091271
4.12575747956744,2.713270738167,6.11757611664122,"Invisible",2.18434045091271
4.11693211608015,2.70999822689154,6.09290889270545,"Visible",2.18434045091271
2.96463193944176,2.25216771356767,3.27915968224005,"Invisible",2.18434045091271
3.13842477509126,2.32564942634477,3.65126694205685,"Invisible",2.18434045091271
4.87188170507158,2.30553612357954,8.37129531082945,"Visible",2.18434045091271
2.88445484303763,2.21763541748249,3.11384115724422,"Invisible",2.18434045091271
3.90180796927508,2.62925778467159,5.50614539969681,"Visible",2.18434045091271
2.9815435699225,1.59562259105085,3.31454297520568,"Invisible",2.18434045091271
4.58182345409258,2.87842946397754,7.45579272231136,"Invisible",2.18434045091271
3.04961537425788,2.28832803099342,3.45876929084358,"Invisible",2.18434045091271
3.68656574381643,1.87077949120662,4.94708913676647,"Invisible",2.18434045091271
3.10261580436702,1.64394470797382,3.57306020505776,"Invisible",2.18434045091271
3.2042383237148,2.35301042923948,3.79707704643559,"Invisible",2.18434045091271
4.20584129464729,2.74282798595133,6.3435528303137,"Invisible",2.18434045091271
2.86620871063386,1.54913117285652,3.07678097437848,"Invisible",2.18434045091271
3.45258346682796,1.78105608973203,4.37137479326847,"Invisible",2.18434045091271
3.71261732709948,2.55662998773383,5.01325657163612,"Invisible",2.18434045091271
2.90591735359722,1.56518969006399,3.15770103619633,"Invisible",2.18434045091271
2.91052968223807,1.56705138077845,3.16716422799304,"Visible",2.18434045091271
3.68999199072711,1.87208253373052,4.95576773260057,"Invisible",2.18434045091271
4.70207981573987,2.92076626448699,7.82930741975909,"Visible",2.18434045091271
2.93008781314963,2.23734016282474,3.20743980505601,"Invisible",2.18434045091271
3.20818493366281,2.35464334137379,3.80590601638582,"Invisible",2.18434045091271
2.84353810107982,2.19985118645957,3.03102478468437,"Invisible",2.18434045091271
3.1780501871432,2.34215275624764,3.73873573919767,"Invisible",2.18434045091271
2.89182591670201,1.5594973210911,3.12887186236837,"Invisible",2.18434045091271
3.07786738031942,2.30025153215142,3.51947501090514,"Invisible",2.18434045091271
6.19379339435466,2.76005707342299,13.1676903745282,"Visible",2.18434045091271
3.20907913849991,1.68604693833523,3.80790778317033,"Invisible",2.18434045091271
6.67311488664981,3.5578108251445,15.1561410605261,"Visible",2.18434045091271
3.06708090782017,2.29570485988703,3.49623929318371,"Invisible",2.18434045091271
5.68616901113766,3.25094035350315,11.2057231432604,"Visible",2.18434045091271
3.21627095069362,1.68887830180852,3.82402536061546,"Invisible",2.18434045091271
2.89379024061615,1.56029124430771,3.13288314853896,"Invisible",2.18434045091271
3.71709248308726,2.55836634035554,5.02466442935231,"Visible",2.18434045091271
2.89606472838062,2.22266150103353,3.1375308284168,"Visible",2.18434045091271
3.23779246995145,1.69734171260826,3.87244833880319,"Invisible",2.18434045091271
6.15543586161337,3.39952460467825,13.0142522669799,"Visible",2.18434045091271
3.08446847825531,2.30303057187257,3.53373046489764,"Invisible",2.18434045091271
5.44239986695183,3.17164406125196,10.3165744561099,"Visible",2.18434045091271
3.44243908274793,2.45004792308921,4.34717244833095,"Invisible",2.18434045091271
2.90424672820531,1.56451518701228,3.15427666972008,"Invisible",2.18434045091271
2.85496505057715,1.54457404106017,3.05404757203234,"Invisible",2.18434045091271
5.78017316629566,2.62071761941131,11.5578192493327,"Visible",2.18434045091271
3.47469250246748,1.78959781423118,4.42434099785188,"Invisible",2.18434045091271
3.77648829003167,1.90487865521955,5.17722697925745,"Invisible",2.18434045091271
2.99286719548277,1.6001626143046,3.33833452577021,"Invisible",2.18434045091271
5.29954208723204,2.4556191806967,9.81158336859316,"Visible",2.18434045091271
3.80087822519762,1.91409225205963,5.24049516958013,"Visible",2.18434045091271
3.16317087251537,2.33596635490164,3.70577716535853,"Visible",2.18434045091271
2.84957303447006,2.20248122432308,3.04317364415002,"Invisible",2.18434045091271
3.80590210616529,1.91598824292875,5.25357211404075,"Invisible",2.18434045091271
4.42810623418887,2.8235998035033,6.99086569231854,"Invisible",2.18434045091271
4.32485341268136,2.78630293929844,6.68648195082186,"Visible",2.18434045091271
3.57798170552062,1.82932463714272,4.67575634868814,"Visible",2.18434045091271
2.87185137837162,2.21216919452297,3.08821966421542,"Invisible",2.18434045091271
4.54994562489182,2.19037234434149,7.3582205079664,"Visible",2.18434045091271
5.17998767088195,3.08453020311427,9.3981355190958,"Invisible",2.18434045091271
3.06571260433728,2.29512759947227,3.49329692807653,"Invisible",2.18434045091271
4.08253804180691,2.01944965792405,5.99722331246565,"Visible",2.18434045091271
8.71057720811726,3.5638247237856,25.0567716672331,"Visible",2.18434045091271
3.88683174602068,2.62356545451535,5.46633758226555,"Invisible",2.18434045091271
6.56955211628728,3.52658647631239,14.7153962168323,"Visible",2.18434045091271
3.09997422570681,2.30954824829852,3.5673225289965,"Invisible",2.18434045091271
3.00369780748703,2.26884559667837,3.36116504228715,"Invisible",2.18434045091271
2.91270018928681,1.56792721457854,3.17162209859087,"Invisible",2.18434045091271
3.24731712997788,2.37078712935284,3.89397002403268,"Invisible",2.18434045091271
3.46393851804001,2.45865986534062,4.39854042832978,"Visible",2.18434045091271
5.66210214130094,3.24317847538535,11.1164033040656,"Visible",2.18434045091271
3.05958578849604,2.2925414358814,3.48013625865684,"Invisible",2.18434045091271
2.87583178479358,1.55302791503247,3.09630065425832,"Invisible",2.18434045091271
4.06728214256599,2.69153028168121,5.95500881381336,"Visible",2.18434045091271
3.18392836773098,2.3445932542957,3.75179405216322,"Invisible",2.18434045091271
3.15075501827579,2.33079446478845,3.6783803064979,"Invisible",2.18434045091271
3.07438539714677,2.2987845812207,3.51196637804558,"Invisible",2.18434045091271
8.55369714909449,4.09214590229903,24.2121045229471,"Visible",2.18434045091271
4.49615219834668,2.17093322728695,7.19493928200531,"Visible",2.18434045091271
2.91229584299297,1.56776406687013,3.17079141330984,"Invisible",2.18434045091271
3.83606365165184,1.92735793866399,5.33240324184666,"Invisible",2.18434045091271
3.37055429958264,1.7492438110527,4.17748151665969,"Invisible",2.18434045091271
3.09687253339326,2.3082456252339,3.56059098921777,"Invisible",2.18434045091271
3.54203555309472,1.81553212755498,4.58751936765846,"Invisible",2.18434045091271
2.91236619535526,1.56779245340836,3.17093593720234,"Invisible",2.18434045091271
2.90585189329081,1.56516326276213,3.15756682597965,"Invisible",2.18434045091271
3.66973111183475,2.53994364893092,4.90455132708811,"Visible",2.18434045091271
4.42887591665871,2.82387639350324,6.99315857652248,"Invisible",2.18434045091271
3.35010295145796,2.41279127814532,4.12978474081227,"Invisible",2.18434045091271
3.14800499568013,2.32964772578804,3.67232502588826,"Invisible",2.18434045091271
3.81649312263439,1.91998319444771,5.2811902484042,"Visible",2.18434045091271
3.75251207953351,1.89580680974671,5.11538417670775,"Visible",2.18434045091271
4.6191774797225,2.21530591082179,7.5708949208109,"Visible",2.18434045091271
5.18266128196048,2.41491259021606,9.40729002095115,"Visible",2.18434045091271
3.34241300113501,1.73828563069642,4.11191679432015,"Visible",2.18434045091271
2.99254383165829,1.60003302659051,3.33765401161247,"Invisible",2.18434045091271
3.28034439007375,2.38434640233764,3.96903164365665,"Visible",2.18434045091271
3.93675232324255,2.64250286506068,5.59955758503655,"Invisible",2.18434045091271
4.11264748444854,2.03060274960362,6.08095007803207,"Visible",2.18434045091271
3.26896732296457,2.37968232688857,3.94309874240393,"Invisible",2.18434045091271
3.39976600862602,1.76059459610652,4.24605551476683,"Invisible",2.18434045091271
3.60101790154278,2.51302996311617,4.73271849941318,"Visible",2.18434045091271
2.93694852509933,1.57770072186244,3.22162455894067,"Invisible",2.18434045091271
2.97043419460578,1.59116426913132,3.29127931400493,"Invisible",2.18434045091271
3.83427649936719,1.92668487937562,5.32771690882974,"Visible",2.18434045091271
3.00861090843505,1.6064676581066,3.3715457809949,"Invisible",2.18434045091271
4.80218606308409,2.95564994904888,8.14677241464812,"Invisible",2.18434045091271
3.13580097808855,2.3245534574016,3.645509558008,"Invisible",2.18434045091271
3.39919380893263,1.76037249181067,4.24470724753177,"Visible",2.18434045091271
3.36961446037542,2.42070094045005,4.17528397458117,"Invisible",2.18434045091271
3.58817969630527,2.50797670775225,4.70093317278475,"Invisible",2.18434045091271
5.45290442121922,3.17509267916622,10.3541770944837,"Visible",2.18434045091271
3.95361355318827,1.97145806581169,5.64489459234789,"Visible",2.18434045091271
3.55799354618683,1.82165950302915,4.62659391446418,"Invisible",2.18434045091271
3.96992318674687,2.6550283446243,5.68891190061556,"Invisible",2.18434045091271
4.1420330951686,2.04146801691476,6.16318990130726,"Visible",2.18434045091271
3.40976432581762,2.43691444968612,4.26964690637103,"Invisible",2.18434045091271
3.08774275896749,2.30440806980479,3.54081151199288,"Invisible",2.18434045091271
2.97174069015041,1.59168879745369,3.29401119360154,"Invisible",2.18434045091271
3.07641109248493,1.63352659199274,3.51633371960036,"Invisible",2.18434045091271
3.41509669542027,1.76654185615802,4.28225394237748,"Invisible",2.18434045091271
3.24659507974564,2.37049002255993,3.89233653349474,"Visible",2.18434045091271
3.26946335666861,2.37988582550078,3.94422773633914,"Invisible",2.18434045091271
3.39088250337109,1.75714532925567,4.22514611207418,"Visible",2.18434045091271
3.13214413384762,2.32302531330099,3.63749248730072,"Invisible",2.18434045091271
3.19956998049416,1.68230081149969,3.78664592865787,"Invisible",2.18434045091271
3.02720250369549,2.2788345536824,3.41096353398057,"Invisible",2.18434045091271
3.29748714461394,2.39136083362295,4.00825771545632,"Invisible",2.18434045091271
2.89816404919593,2.2235693872781,3.1418234464049,"Invisible",2.18434045091271
3.17810055606401,1.67383266989004,3.73884754229793,"Invisible",2.18434045091271
4.43180173197243,2.82492761135433,7.001877805708,"Visible",2.18434045091271
3.10144274914758,2.31016478820588,3.57051171990871,"Invisible",2.18434045091271
6.09449307807484,3.3805147142731,12.7722076659125,"Invisible",2.18434045091271
3.05321987898314,1.62428798990263,3.46648674019947,"Invisible",2.18434045091271
3.19661212021061,2.34985259435146,3.78004375701254,"Visible",2.18434045091271
4.18708606716429,2.05808885765097,6.2902848239071,"Visible",2.18434045091271
3.62556885469356,2.52267163843976,4.79378294628334,"Visible",2.18434045091271
3.20196698421991,1.68324537217602,3.79200019731531,"Invisible",2.18434045091271
2.9506847632163,2.24619022046233,3.25011309123946,"Invisible",2.18434045091271
3.84917421375202,2.60920971017214,5.3668414200271,"Invisible",2.18434045091271
5.78696002866219,2.62302369974913,11.5834377821833,"Visible",2.18434045091271
3.06281130998976,1.62811101842355,3.48706191019941,"Invisible",2.18434045091271
3.08709958330306,2.30413753455549,3.53942003728244,"Invisible",2.18434045091271
3.65588930173057,1.85909931576892,4.86970516006264,"Invisible",2.18434045091271
3.02960119843367,2.27985203741249,3.41606490920168,"Visible",2.18434045091271
3.65548354337811,2.53438133767721,4.86868544260099,"Invisible",2.18434045091271
3.52631124543207,1.80948771315696,4.54916941680137,"Invisible",2.18434045091271
3.63916881034439,2.52800036341805,4.82776780450853,"Invisible",2.18434045091271
4.2860123427655,2.77217241426749,6.57363023812687,"Visible",2.18434045091271
2.83420507317469,1.53614804660423,3.01228154932682,"Invisible",2.18434045091271
3.19008501985943,2.34714726056667,3.76549392753795,"Invisible",2.18434045091271
2.86046457626247,2.20722163882421,3.06515708752431,"Invisible",2.18434045091271
2.87632064273138,1.55322578462321,3.09729381416554,"Visible",2.18434045091271
3.13328424638744,1.65610950940097,3.63999111935077,"Invisible",2.18434045091271
3.49637557545746,1.79796175770615,4.47657783744319,"Invisible",2.18434045091271
3.58059673231424,2.50498826475412,4.68220627484032,"Invisible",2.18434045091271
3.76308974464082,2.57616061176982,5.14262451576392,"Invisible",2.18434045091271
3.92298253017306,2.63728980259815,5.56266041891649,"Invisible",2.18434045091271
3.32514240960596,2.40264329163398,4.07192055004568,"Visible",2.18434045091271
2.86973401122788,2.2112498491876,3.08392504639952,"Invisible",2.18434045091271
4.39487073393224,2.81163634259432,6.89219432475073,"Visible",2.18434045091271
